,0,1,2,3,4,5,6,7,8,9,10,11,12,13,14,15,16,17,18,19,20,21,22,23,24,25,26,27,28,29,30,31,32,33,34,35,36,37,38,39,40,41,42,43,44,45,46,47,48,49,50,51,52,53,54,55,56,57,58,59,60,61,62,63,64,65,66,67,68,69,70,71,72,73,74,75,76,77,78,79,80,81,82,83,84,85,86,87,88,89,90,91,92,93,94,95,96,97,98,99,100,101,102,103,104,105,106,107,108,109,110,111,112,113,114,115,116,117,118,119,120,121,122,123,124,125,126,127,128,129,130,131,132,133,134,135,136,137,138,139,140,141,142,143,144,145,146,147,148,149,150,151,152,153,154,155,156,157,158,159,160,161,162,163,164,165,166,167,168,169,170,171,172,173,174,175,176,177,178,179,180,181,182,183,184,185,186,187,188,189,190,191,192,193,194,195,196,197,198,199,200,201,202,203,204,205,206,207,208,209,210,211,212,213,214,215,216,217,218,219,220,221,222,223,224,225,226,227,228,229,230,231,232,233,234,235,236,237,238,239,240,241,242,243,244,245,246,247,248,249,250,251,252,253,254,label
0,72572790.44,15770.971367930017,7841.801239647945,5653.655528369819,5103.785802118013,5062.805389880916,3139.4747141844423,2654.2741956914383,2998.3597116180654,1011.0328776615537,859.5201936259662,709.4993460045673,1874.0081717572484,966.3596531260656,499.00688288769544,805.4586761525374,899.7658082978405,69190005.83000001,33089.890297199025,16718.805586524406,8755.181322915098,5547.851628864436,3585.093958020606,1836.8957387291507,3992.5421847678904,2973.91402358378,2910.9810517970623,316.9148655243515,837.2382274164081,330.2751804099666,1200.7871548782541,1210.5452360481959,1267.0795516841906,1485.3797628252266,75663607.71000001,9782.887104441996,7234.975340703891,2856.0197763812944,4079.7722016998764,2241.237924842654,4727.2532007450645,2991.4397096941257,3600.003102640132,3945.55919698973,2908.0810076798643,1443.3980823227598,1701.9602886991722,1624.7009939319769,2119.3975274396116,1831.7890780223754,1961.3807115711188,78135509.43,5179.1535698686075,2662.1421152162525,2123.1083470403883,791.7666163584571,763.6020537092954,1246.5407253808705,846.9203848949526,1233.759461346618,1475.867155684318,412.3989696655122,675.5601151833388,389.3805533006828,265.64968621007444,849.2825756441975,214.91761466916043,175.80137388773846,62234027.370000005,10174.585535417287,6928.830420037124,4820.279695799142,1238.3149605617914,431.63555099122414,824.6482285985518,602.2554820360832,345.92102068534456,625.6736557344381,392.37900200420495,595.6248709990018,852.2047801460731,423.22024151156796,639.1191107864669,72.92508754420393,456.676735414527,59729427.099999994,12915.329489884654,6087.745625392265,2912.3932436382506,2443.7270415508347,2491.351596204137,2224.0346839976246,1621.9750032946888,2028.009411625862,1025.8267038174788,963.3635305508948,574.6932513075452,723.4830991593406,1037.1807374424761,683.962700432384,746.2021957880543,853.1589961301729,55195720.28999999,19313.12430428124,8536.706157930705,7016.90424080291,6081.517621703936,6852.818527832205,7984.4888123050705,5527.005845411351,5324.45323599994,7132.936853637662,4612.9153313004235,4469.2457241345555,3539.417529971875,3729.4188103522742,3329.1783767364245,2468.922372092217,2295.936704898614,67150434.84,8495.099871795948,7885.923579557545,3904.14332133959,6465.793854528424,3419.199759285914,3804.9046246309035,3956.62164899346,6262.392712626589,6200.903963756294,2574.667778253304,3218.2563830841414,2182.5183175004604,3093.363293966723,3643.579197854275,1733.295926037268,1633.7126321052444,47225479.36,20098.270144418966,24089.601540555763,15946.994193398721,13926.097528979766,11985.163994954382,8869.760707479303,9798.690549073895,6131.51661320609,2654.7958115166252,1180.9171836190328,1348.7164447426203,2446.400527586496,2290.43645987616,2729.6707470030933,1990.5261322288086,2256.038167717221,47659441.31,9187.747283485181,4947.231257849936,5353.0318644302315,3887.0175421235713,4222.48046558774,4546.776948484815,2363.5116613899263,3653.1845634625706,3534.1329344607807,2973.531623535194,337.9506604151124,1495.998827879107,2079.3295946191,1195.0770135180287,1041.3360455259237,777.010520433446,56332865.519999996,4261.565099434584,6566.523284959922,462.250733905768,2061.072948568016,3748.530804444761,4182.326964722606,4942.918115089813,3347.2202650903096,4130.539454854761,2128.140961138096,2382.8494696774055,1916.57766351369,1089.6663530610585,1607.6302380509262,463.6271191318454,1097.0979741926976,36531656.89,9526.752164457996,33651.7673099233,25980.654350282075,10417.215308467079,6894.2263055926305,1844.1270782551992,8636.732808127577,12031.076443156444,18855.356791874325,7799.128290469329,12876.533253344778,10033.27469456817,2941.4377549705696,13138.33077888775,2063.0694557776706,1375.240622942225,65264861.230000004,63475.59379430374,29537.671262833734,18828.583967801944,12854.429395843812,7888.204614661635,8220.933108983027,8697.179398860455,7001.0079069158055,4911.410607766336,4283.939777739425,3948.082203711433,4024.3302242501536,3583.934343346717,3423.92578976825,2633.7193079462822,2890.5210040779248,55420046.06,97377.56231795863,64580.144255595544,22730.35703189375,7464.681185323423,18974.7949259176,18635.55539165238,3392.107058762355,7898.917554482137,12253.720192224448,11199.379329371834,3388.5957366644557,5556.466192856703,10618.604163453449,5805.932111868228,2554.9915548875997,3785.504464406533,73539088.96000001,22294.60600875324,10867.847695185212,7053.410337388887,3206.460140081518,2634.7484643269663,2860.9381629363875,3027.821925774185,2481.7475586953115,1513.9104579517307,2044.1008671522295,1675.3061097326477,1639.0346973749768,1424.58770766159,1217.7002807164786,958.7419313641149,1297.2075737958464,2
1,72515262.33,9530.565304724467,3689.8771091030253,1619.5545965640626,997.1284542687856,476.5468010122342,1561.3477331316983,558.618191627013,901.2900637787666,770.9822754666611,718.2137114280292,216.7594273599154,706.9474589019476,486.47428966055304,382.71458891372697,875.5072967896828,349.1768757130977,69067856.13,17164.851466980064,9482.836495135978,4700.726972088854,4274.678947451334,1723.7585865864473,3419.7221147520727,2760.666105241203,2140.610171089879,1960.0812639153273,1992.6548932582523,622.1410568902684,1102.691345229391,1155.3404919001223,1879.1920730034758,925.7828277168971,1060.0119391554476,75646805.62,4354.528420052122,3481.064914583913,2328.926672030566,1445.2568149282831,698.017088484312,1246.1315346709512,406.18657311854264,757.1133849756931,1230.911045583879,657.4476883153104,747.333584789992,815.7173732871271,502.22462813980684,905.9082057948966,400.5693837921361,299.7875697638792,78106183.72999999,8425.064798037562,3853.124231925172,1603.6324317319982,1519.3416056498343,644.6431279973361,1397.9519211102029,867.227034748123,1080.7960135099358,578.967622376457,967.1476137466572,117.8816262067564,476.0759895085246,542.951232915739,287.70621221210297,666.7911151048952,515.1352265286232,62201737.32,3256.054479055019,2439.676085605827,487.234325433887,1148.5211829692864,1321.2597837717549,213.26475565715336,1262.0003716179917,417.83920466264414,819.4891320885488,214.61895257015405,126.34892663510101,677.1245769214848,415.60949506756083,328.7392183030932,364.95031571958,227.81057341110755,59683473.769999996,4150.447064201062,2997.974509119104,1221.8810101751005,1160.6297881040464,485.2241352018353,1223.2868795767001,430.9222349606423,866.5589395496058,525.2752158968389,921.6131528620289,107.05939798558028,367.6294252469227,439.6661075958277,324.27788657593493,459.1373168222613,443.15516760513975,55251421.94,1083.332951592773,1203.8968043989482,2343.3460977926416,1942.4223509801495,1123.8555835854243,1420.4311157707266,653.0394246621922,313.0289712023775,1452.9951785425635,238.95548794634138,1118.8907946992488,769.4791027910273,503.6580718695843,411.3837880142322,286.281191148397,202.65498798570695,67091523.39,12621.121988104027,8896.553178929978,2907.670553883907,3797.899217757988,1356.1660004497971,3688.300266861006,1140.8491738729515,3668.5845650641227,962.1199034525672,2541.06645441135,450.6655505744486,1367.2417368124811,774.5235690142107,1095.980503891765,658.1201292499309,917.0004160382558,47096630.79,40043.013176964334,9573.495936512614,7535.090568943665,3633.4179410018614,1811.5611404843596,3979.0493116825305,5327.528204024678,3567.852581726081,2682.819107012738,2127.58093606787,518.6458781910483,1551.4609340045165,2432.7756268633766,2884.876653789912,1679.0824268864299,980.5657108700575,47460048.64,74253.2411050776,29586.081116675523,15710.472746100708,11474.4993096717,7691.234429384045,8172.532772602679,8474.428741292653,6330.64147393474,7431.62919062706,4081.360791560984,3603.2863108326674,3205.3491476267736,4607.880657842461,4316.317291772293,3998.634802271573,2872.1579887480857,56333846.58,21863.81046798527,6686.497608328281,3133.8602487116864,1944.5957129208387,257.2972284773589,2937.2514057071976,2029.2202188691065,2081.6900289112496,918.2862360432213,1595.0965538726095,624.2986502488646,957.7769985020982,1041.9762740421015,1859.8275037210283,957.457871518366,314.8637510204028,36213593.24,188753.1382094245,99512.91273116143,18937.87074102063,51309.29062755313,16172.45676745982,21975.950680343143,19908.84526794084,15156.68051780902,14805.19315822707,11891.643221402015,9057.928412870266,14700.928612467864,7741.587370427447,5968.583298230549,10110.929621393187,9544.517963996308,65045594.38,27825.058935727433,10800.19369755336,7740.251683935885,4296.942972864007,4690.835685712698,3539.7972431041717,3937.198523879628,3151.452312435251,2324.77400895216,2386.3121558768435,1568.3613591160495,1979.6634703559655,1984.7127600776735,1912.1160810937017,1665.7534273994447,1309.4551790505652,55343483.34,6677.768398810747,3510.5211180656106,1732.532453104031,522.2738774691362,670.0165338973229,1130.4158083175353,317.35937110243776,306.54452373677253,203.18813890406807,743.3715530218051,313.9331260169785,462.0558002813053,305.35458925572055,190.24052349057027,65.86139565598681,499.79561485561226,73447450.85999998,13358.100586343346,5785.595367114156,2096.0336012582993,2478.707613847253,2123.566671595348,1658.891347734681,1696.7058466790947,1477.6713545091934,953.5389519449536,1435.7670852588403,704.1129144259041,974.3623812640598,1248.748980263561,813.6349045654207,927.6599704244073,724.9077126398957,0
2,72490514.14,2725.1650038405737,1269.9973403957144,496.59320901299736,445.9216769647697,1087.8612455860555,622.6395045727226,725.4427246457495,486.671826134717,164.21478581563233,779.70064979133,249.975098705785,541.1989291292477,578.1888977072316,392.08939391802323,181.1368993992316,449.06507022504786,68981253.99000001,11438.601384659958,3512.9950438162155,3454.671799131122,2081.608951584883,2559.9821922867695,2187.603567560671,1875.0738572351227,1766.8443483159886,838.7006782802761,1252.4792072440678,1051.7207668140504,1855.8453591069692,985.1795475642243,723.2424498988914,555.3135674769198,1248.2793578049673,75638766.21000001,1065.9812904105613,2417.7204936114235,491.6863400552345,806.2951317368509,721.1096606831928,240.68000711032047,420.2812885530149,415.81281168371885,109.202674588931,751.1263375570014,196.81938508543763,261.2637507186235,156.00198337530415,298.37339999917646,464.63396575258747,198.60884818945303,78083494.15,2767.338652298973,1451.78217952869,554.2678193241917,500.5757562704168,919.3799023404392,941.702393913924,678.4972636024457,539.9865902100162,215.43972112534718,346.9692080661636,205.82598670527372,315.392177345716,618.3488558328661,126.02589913321356,242.62565869585197,630.3008927538613,62171002.72,3650.2657037475583,1279.110700077678,420.70015152950276,684.0010108510364,1492.2884055141105,406.55059685430575,630.3254884661175,617.5429892574974,93.71731291547549,643.2736683828896,291.6219766248512,337.59856572834025,656.5330459085857,363.365308464646,295.1579057146266,253.15666333689225,59669491.489999995,2920.939173836897,1857.1410912505844,518.6699170813423,451.95970264528984,862.814939159438,666.8724759671708,418.9472519062288,359.1221459430146,115.58803298486899,207.65708182025045,211.72166623544544,460.7773339972582,439.13498912758337,189.05724381965655,208.81141691896227,532.3438993994699,55276272.28,4360.824362068159,4700.674628298052,2681.220012179706,1911.8844495033966,825.4377890819261,1030.0168820757538,370.3245023400279,83.34381586276874,613.6927303077995,985.8282557533814,374.9133775879195,169.01558948352536,287.5222021514697,407.4073156338642,520.6457756669487,194.60984453653143,67034419.76,8763.420294060925,1437.0810485064458,1001.1464813303738,1840.5969889903595,1570.5850752287456,686.9564232566597,1971.7493118349269,1803.0074163396146,1259.5579625303624,840.4022342421704,593.0527606263618,965.1500447347397,627.70868131043,575.226622273761,623.7056592499428,565.6946955650998,47005319.5,13123.021894485913,8606.963397976768,7466.477653891739,5737.4336661558345,6158.023294169519,7179.443503368656,2977.173625577409,3246.2325212826204,2538.092478624035,2523.8885156310034,1844.9855839891304,3163.8107539524117,1855.4635459027354,1202.9301249228108,1287.2136423191348,2112.6795488181515,47284766.96,11125.935881025827,8354.430714486421,4971.467407302131,5186.46948001308,5551.440819630651,4551.931639679917,2621.7322520560538,2751.0097968302152,1677.3665455089754,2401.139476058207,2388.945346120958,2009.850770135224,1559.3543557671494,1000.8920485849725,1364.8969184252178,1876.2933047746942,56262912.5,27806.032862887918,6817.025750871704,2510.0729959298233,767.0473511545318,1697.4835639751666,918.5238524715376,665.2049538991832,523.0952739922748,642.4919463454522,358.92366017368016,395.3143225813437,567.8270420449595,317.63079220487475,204.106213750912,401.7675798269131,189.87661452836738,35737508.160000004,51431.73786188224,10350.579822222522,4990.955706653992,3966.1024896344143,1805.842236270865,10717.773871477651,167.8182473774268,1093.2688643025963,1354.3956625501476,1177.1547810679513,1684.7613445691345,5481.079053994963,1709.9581585193273,1385.2518361099933,1179.9590142542877,1086.287192613,64959686.36,4447.956087156822,1395.8075685066722,2075.0997053896403,1422.5414658316097,2144.6486168825477,1645.1648503318431,889.6949056676148,575.3368163069438,259.3595820429017,582.3631958488311,622.0077327350854,656.7442886441398,666.5400115359259,377.76698082344024,368.15605126541965,329.4194076741874,55363629.67,11232.503354306233,5850.47655364137,2647.803213187557,2254.93544457792,965.5393775525545,1437.6327767109578,967.3337059810923,936.380190363631,1223.3474786686595,556.7183082285877,789.9831353651663,670.826876904753,418.6198716177756,920.6020873043497,700.9312947745249,239.60326335959917,73383367.60000001,12424.616822634785,2640.5463827147773,2413.0783964611674,2815.37429291511,2810.7958141573563,1401.724298274786,1662.31685997672,1567.7667472263572,897.5911941583716,1221.0505413040198,773.9807841480482,916.6612799098657,1196.6018605141378,622.8060254049316,652.7772125213912,646.4980740365702,1
3,72490163.83,952.7321019502806,192.50704046115987,829.7542971301091,1584.0600389299573,936.0478310950077,1309.1786975038108,996.9633860318793,1376.8761556845623,642.6558707122107,524.5301078129723,402.6654321194691,938.2904116202683,324.3211892896801,526.0437606609106,289.1716925313128,322.23947374457407,68944098.35000001,4837.150824758208,2406.6107285427993,2369.190932229261,1136.9988832437502,637.1289844032143,895.9744508725285,603.6581720426528,946.831800368157,773.1649053660184,1044.3488292014022,1222.921201542386,491.348293134211,646.7731142446736,166.9205458842077,252.10716472314294,881.6898510185054,75668012.72999999,3662.326607255329,2998.4194581914207,1414.7611157263152,2397.8632238974715,1546.0251999141226,1460.27444999229,1902.936729623747,2136.3012013281027,1279.5165961484277,185.7727694348544,254.19178429884062,595.8346291966249,1187.6992398613004,821.9189831144658,367.63823364546954,507.3484531190309,78083183.12,1012.6205988935561,792.5426925341046,490.749706003756,1951.3211789372176,1011.9291455211247,1516.5955540658788,872.663878651186,794.7064622748602,181.72129860438886,546.8114274009595,555.4028862569864,824.6985077441003,389.8146357999745,93.7089933023236,440.40682177539844,493.2471647195706,62165742.620000005,1264.734445101884,844.8400438135866,921.0299013111627,972.3473490469206,359.00859751606725,453.98954523175803,795.1035842483827,879.9398921321796,621.0156172042238,546.2101505885832,226.83285370661838,190.87980123861908,149.4074739060793,89.51659857952816,53.564427982514204,358.135575073648,59682147.79,3343.468024046222,1149.4856625687469,671.1293080525347,2160.6000947776038,1229.1941046832965,1456.745761400025,1149.3342089788973,871.5829487310776,779.2739246275014,549.99111826534,376.3443462662725,839.2732101639863,663.0419723271785,451.705990332954,406.0744845446359,328.1493735487005,55324551.019999996,8440.776205639535,3931.041164274631,2507.152164605923,3454.535151667929,2572.5773790123226,1842.7379387652677,1669.5809555015148,2230.9009873715554,1441.5369014673552,519.8213354631919,593.6905973807009,569.6635090666786,1074.4814845121546,835.3173849347716,485.60649933086955,384.4555228172223,66999306.31,7247.4026068469175,2477.1321486146753,2350.400255212071,1433.1448595887896,529.3322496458394,845.9211970617441,1120.5496281436983,539.6842846274321,595.0123618561156,1489.5127801457581,947.2191523493332,1038.3323811178846,579.283432674049,243.65297003559738,921.914771336346,842.2332532484565,46894741.92,33932.415188947285,11091.529843896977,5006.224860926917,3993.2666705397787,3162.607621574376,1131.4691463243084,5348.926533581926,3609.0304449083624,2803.876598108692,1238.7819504869447,491.4240243589533,814.421765721785,2431.575551000306,1940.2381865661644,2098.1689674736904,1781.7400907350361,47152136.22,9028.533029154936,5292.507475919854,3831.239657431797,2633.2165647420484,1770.504185025569,1039.0097507555997,2579.6097135920654,1396.877619603169,2267.732814887713,2164.701974404821,1836.4672527770904,1508.6091010492385,998.4980688436705,899.9942838840224,618.2079428191183,1111.3542744976735,56331258.35,16363.193869888495,4909.130294616612,2693.1651102949113,3161.24273217669,2244.488444301664,1575.4408953990253,2755.780078691639,2549.8478361002612,1428.9547621117451,211.9720786555685,371.83952812081554,473.53726880186525,1545.5093405044022,1297.6199106734932,1242.5043412947252,794.6919681491546,35674677.04,27064.807193801553,13310.618307170826,6251.230271288271,1279.581355529311,2585.2822497710604,9376.826964669508,1976.6565385046522,653.5784455105592,600.7641405135306,1190.7302986469197,1416.4816761032039,3581.4903610837337,1271.2278745169594,478.6961341416278,737.9848562138492,962.8621732815637,64941933.81,4434.526077223171,1268.1218606124478,658.4060667187514,1040.3485483704894,538.7238594896519,392.0471082688509,1041.2730438907042,720.401241893774,708.6252720505405,284.0115314612887,53.298820323845675,226.57144438898519,541.0393350680674,243.73734275062196,250.37928770090832,299.75542883019097,55409793.95999999,16944.479289580675,5578.408846462334,4094.4708237494888,3516.858706290528,2955.391884855243,2013.828705373146,2346.049599722484,1599.4724161427582,1231.4618361797832,959.9271261326969,981.7004570409066,1507.9112946403523,1292.053754291024,879.8054826505077,801.708483065159,746.5696156639104,73340865.57000001,4659.475590279598,3125.9552789856957,2526.267172605953,603.4030136835939,432.19895061389195,594.6863159015178,1033.793595392079,624.9035757946823,286.5848723052161,852.3500991198557,546.6572154692263,497.0717710709533,562.049515260823,524.6789644913396,222.65680253382698,704.3154141076226,0
4,72487847.18,3203.0312067338564,189.9896253118513,1680.2807117163866,760.3433549987491,292.8390693551548,860.5530615074236,1444.0557547367812,483.0663540877512,938.9427158951257,630.8982244496912,594.2040951246015,407.1055834723156,856.3187505632968,505.5882301160907,490.19536817333915,214.5111050515197,68903702.51,5919.461720203262,1550.100323183891,2458.38690134049,1299.9757385215673,1143.0156946103398,2429.908354723909,2128.395507939869,934.7528214882688,1106.8268344898759,622.1145316895011,699.8791707024127,747.5349768999423,624.8492140217402,258.52610482575716,449.1427602522167,162.03047994835632,75686454.11,1484.9334200289202,2427.192992553036,428.6622933495462,785.5385918403618,1294.1593100196699,228.84090011524347,487.8227283282924,336.77851453196973,167.38422530349598,460.8678903336575,854.0015731297786,873.7748733125261,1028.9700767897843,773.3902543801167,604.3880919817124,495.45612226180634,78098319.36,8029.872920937002,1783.7092046515793,1802.882139202559,409.8803561743984,1869.5264457197018,904.2607055298586,1042.97703429427,410.15694895919887,185.84334723761415,862.1182900861631,805.1909279797839,311.1282972709598,709.7632393492052,944.493491249806,172.09304532043663,838.4605113368119,62151291.79000001,4937.519103494922,589.5738938379517,1849.0780461616198,1382.8216979756698,748.6186542583778,964.078888150614,1326.8799789834582,685.7670648501871,836.1033682205226,448.0500947720423,581.0433294159474,468.8517624033515,251.70486705631956,199.3055200370907,254.90377460224366,395.8801892816632,59689469.07,1364.5826664169285,934.4883278798475,1129.318292186761,1111.5827317518072,358.7952633943482,543.4555898247153,1214.6391701079012,725.3574770776867,558.4122237624783,330.0478153185785,421.17511372812436,535.6785680356375,557.736530687041,162.33636697417182,168.5421846039871,246.69007311085917,55363287.839999996,4670.098176508615,4481.037639889375,1501.0212348857085,1203.9418268501868,1619.13850892848,428.3329307155272,131.30892847983614,577.3100376832558,492.9139894135435,415.87016817255284,847.6254976450156,469.36850663358445,1174.4303451838557,875.5281882534493,741.9986925094337,466.2405560695922,66974788.260000005,2590.8578691934276,3339.1157750615585,1606.622848322237,832.8372915333115,546.9415103227344,830.9610123845272,913.7501311019431,354.76582765372626,846.6840124754286,352.0076338626818,514.1326692826877,409.77946166373937,998.6638119755289,822.7241150767056,499.58468324886115,467.04458395214385,46838367.519999996,44410.3550604601,12454.784805783562,6466.365551533057,6756.972677757037,4260.326853562174,6176.990833400056,2752.2837070412747,3056.4723143741826,2644.697712986472,1949.6661209274844,1258.9189111445971,2354.7843348584965,1267.915221745056,1543.7445892491642,1505.7665590811582,1244.5079326374075,46988482.94,71255.00109365351,8349.081695385094,11913.721604282431,9419.049496614183,7093.477538471879,6786.20341589958,5601.802021023642,3830.963256800283,3413.0192404458217,3249.6635596387528,2535.533132459512,3546.699967828356,1991.9050847344738,2137.6145706065367,2409.05235232373,1859.407862511783,56319931.51,26375.3701711991,9446.15171217635,4536.718497777545,2137.390568548149,4756.586863512943,3834.700939107466,1623.078422602916,2298.110083536068,2431.003960555075,875.8224968450345,1225.6334565103714,1750.1230956781096,229.71607046396554,277.9842886011168,911.2640871603923,557.9778889870661,35519450.85,122316.53650883408,11852.450344797186,14725.006703526406,13649.40625761341,7444.13370211668,4991.492260669599,7643.736946618534,6990.659306953241,6643.125819264556,4996.180333826754,3682.9788148284388,5565.58913778863,5184.321603209326,2650.89909672433,3276.0744694134287,3543.4420945076545,64933994.82000001,5411.431185796048,798.060040578786,1229.8146019372975,1099.6735018859235,1070.5635312573943,801.9648477069059,767.6264602387383,471.23165601640954,601.3141752378276,45.59357077481633,317.15246388014623,322.12880604177786,391.4860787799258,172.0151334596369,214.01756239249943,326.7104863581074,55444471.42,10120.36522045728,3910.424180859631,1250.2263421584569,642.2049504158613,435.6514822875571,1125.202934975839,286.40289425140844,216.30870763517888,524.4959813362108,629.057991975753,637.1102403088382,118.89116150474788,858.1020534814986,514.5553490194483,183.6330974217607,501.02269985145074,73281625.82,17463.870270898235,4240.814331106053,4647.77477662596,3467.5505477876404,1741.4794602173463,2037.5576444984374,2612.3846398033475,1778.4306139130526,1825.5645274627457,1524.6179079141637,1337.5641711144187,1186.3398773990593,351.8934426443461,580.7032998269724,511.0308514742616,936.0956723739713,1
5,72481127.00999999,1866.182522962433,3743.082997789878,2675.8705666229534,1498.0033470765227,932.1506503950993,750.8156915673111,959.8242471655824,756.7880843641359,152.8755884418441,671.113973328095,828.6388545426294,1459.933151735423,250.82252650609098,968.8528823713891,606.2974854065052,142.3532264426124,68864564.95,9524.823667754374,7779.842390256826,5140.236205453029,2334.341979195371,2746.148622106056,1454.6229733226216,341.59945105015817,1345.5465064161501,2135.882635828943,958.5818429810251,1791.4345601137322,1849.8682260118528,556.9967311109806,1796.8051705990176,1274.4282466627128,730.8123738965149,75730217.2,16995.642746460704,3650.9295417710373,1194.3358105651337,4362.255169247455,3668.334395583713,2165.1239089044666,2797.096357240211,1737.0969915924475,342.1144622906197,1004.439536982615,1723.2709466619087,1893.273637074422,440.66638978273687,1785.9041811804445,194.44894816529958,747.6163854381138,78111682.81,933.936392358941,2671.27140851084,536.5324784380297,853.4091693166295,1098.9847917772036,397.2800562847824,626.6963107535906,496.5975377326491,1000.4590593592147,827.8716333774711,685.4555590655162,923.1066566715415,660.1786051530157,248.58191554938972,733.9431615749709,438.8726088343011,62135854.69,4194.5819692019695,534.3371514409664,1750.0059368296575,1945.9292342091105,645.4510473400579,1918.79822278448,1001.8962639541234,853.7278993459736,772.5165215613425,1414.5987700230596,55.15818060666449,933.8962669120142,1094.849967506266,48.179355050163856,1234.2679964591755,520.3815549314207,59695416.86,3777.1939158306336,1202.6005832660971,1100.0356322937841,2066.0921966383935,462.0039324252962,306.35286909074904,1468.3026227048185,818.6572634083853,824.0219011511904,745.1797827145136,321.0552174474822,1238.6234723215796,294.77397267954706,364.02082100689523,198.7000527329279,433.06222241285224,55386378.5,4371.535387981554,809.2168342597195,1562.9050802801323,2716.4173762047308,2109.911181222549,1960.5446377744777,1011.1025419947148,1415.024087185166,1115.408338432993,516.3452632310853,1828.890581823575,1576.4152988582773,162.46745822403,378.10441198546016,339.4806241513279,171.08991794730815,66970334.71,5196.623278848791,4231.305859479513,2546.428686713401,2239.890327909923,3917.6373492451808,2601.7621450088423,2297.8593409181763,530.1404557596979,580.8200700160156,2753.343595055656,1242.671822879109,1465.3614208545396,983.0752945923618,933.6437138137675,368.37930347908787,1224.127363310627,46896816.019999996,14286.512797424419,7923.046269430003,5593.400696091668,5885.038519128152,4601.390684439202,4693.658247749844,3052.8956369693447,1357.2301329436739,1233.5146904925832,2007.0755397962325,3144.181002140852,3526.0401756957026,1616.617420566612,1791.0503314301125,575.9941590944466,351.02199519063686,46906490.71,45043.87138505351,12738.755662303738,9165.832557475966,7233.1144545760235,3397.2923930295037,4075.2243090067013,4152.9766070805,3606.3240444880144,3947.0928522583185,2745.8551813191293,2817.789217299726,793.904163976291,778.1252270709069,1855.7366774264594,2337.718782674105,2196.9614755002226,56358456.93000001,9314.80996536673,3961.2133248569958,2910.981930068243,4012.5041994040807,3257.295840229206,2398.6501748278843,1260.5802807291334,1739.0784360123323,158.82913676566884,1071.4583979120687,2388.672344871644,2281.004943167928,840.003296669454,1197.9661586653974,259.6237051296321,729.9572746536481,35551526.14,85782.62565740953,21013.157169811682,8327.434432753358,3984.601029650546,22090.92229769455,24551.441433164677,13135.63893340668,17140.30315467182,17605.153324721057,7946.461347364641,18010.807668009074,4882.288799043279,7816.820651759779,11374.887869789982,3160.7532501160263,1560.006319059836,64936621.97,1182.6063619252743,346.3528210591233,1758.683222305792,1584.9547396148737,927.1772644129032,991.2140602904643,578.8561734902361,159.2179353252677,563.5632284465415,909.363165437985,571.528909756663,1118.4431138619314,739.1773668093319,368.61657959273725,875.7223265301086,489.52930032824383,55513114.5,11860.270797837884,4297.628359976714,4447.92396008143,1922.9778091296037,3827.623706935274,2554.6216630044973,2158.3771296374407,1120.5783963228528,1856.1373444946548,1286.7056757125508,1787.9204990708022,1327.286260325407,1112.5333006456185,535.2500457189512,230.42871748892628,851.8782368904067,73225770.99,4953.97713282742,4122.828633815657,2778.904919706538,1016.0119769915808,840.7839805445698,1523.1743183977326,167.88923909550874,766.8492238873033,1139.8010549034937,795.9988720024422,398.3075604839895,526.2433413527646,559.7945639466201,29.94528273245729,1482.9459879609171,294.7408617318595,0
6,72469500.77,1486.6419209786136,1972.5116900575815,1670.4277653894303,1700.2312818986354,392.7503622671819,1456.2461580222541,719.1160952006423,1111.4809491319497,271.6069742880179,300.67672586190565,823.1294817684358,764.1219245555923,212.973847112607,202.3980533429531,73.06941653640642,383.8269214874934,68808033.86000001,3694.0895810268344,2857.9131223837485,1792.0886279806984,2947.4936764164618,544.9181271883429,1291.8281590054435,557.4794049367828,1518.3729129242183,1011.8787037414266,550.6322413199152,554.0124822130708,696.4178395585617,330.5948349691079,218.24031855578613,237.8029654564344,451.18756482628703,75758992.18,3697.066066962089,2368.953662742553,1846.9804430415966,2074.2732385299023,448.3144353730915,867.9241261281168,860.1462179647112,1407.9479486214511,409.90253571048356,292.83227427485787,397.08355535076896,528.2790340332958,470.86823307421196,137.74903538647277,681.0936454200667,196.0842118751428,78111926.04,1254.4775907131705,1684.7281525526791,1354.84857811455,1203.18997548824,291.40899548868964,1589.209273086015,407.5584518451929,978.4078279711856,525.8899827009848,238.18545602529122,683.5391486099992,478.9952205719801,536.9345679368254,529.6676422101004,220.39301484609916,286.94204725346333,62132162.12,1855.0512526369962,1019.2376562870186,1034.7404344538202,1756.873158756893,426.8687198520629,605.1059061596233,737.9153231063027,930.4046568047742,191.61951466601042,248.26247821449059,362.1191293651408,133.6341965890125,308.87675881733736,327.87188723611587,177.78540996508818,171.43251474417198,59701929.410000004,1364.5497044549381,1321.3134660060075,710.1383991515728,1110.157133382477,444.5675037536998,1402.3488184261494,764.4514930780467,1150.758612871,540.0165693670305,56.41468753936451,341.53080135756545,303.3260646144816,519.4907114567885,611.5210750296485,390.13197071049234,297.81160206062265,55421467.82,6776.015550373659,3270.379410861104,2611.1284239623747,1386.7070446850805,1166.4472982483771,274.0003237976283,1046.5013437514363,1214.4207547350538,524.0652239897149,459.66071077067824,858.7031076655377,199.04092124538303,991.5397305749057,902.2115041634545,811.2113304450155,219.63503661960257,66946504.620000005,3141.8346356446027,782.5643247093856,609.3609494231844,1801.7237149468554,1148.2275045970855,2664.794237795522,731.6889022963774,1109.6455599727606,653.7410587067103,487.9458095850751,661.2804204355814,1298.8475703158065,481.74756786216653,164.93550462697857,399.56848902922167,656.9047416415316,46921882.730000004,24088.46675685817,17464.029542369113,12468.647092008601,11602.23483948228,7528.592266314254,3975.211550284673,5401.550221680836,5026.734389958409,5132.265290444782,4260.360225314089,3394.783437939305,3880.971097808325,3025.962339690554,2653.078716979734,2518.3895419382065,2135.997490190892,46723544.480000004,28851.825112389775,25772.812025888798,20862.079607595657,17669.164275114377,12181.944609298074,9610.408645940353,8215.710259063793,7397.317508732452,7416.838528153204,6501.319410704666,5021.524215862627,5506.442868804486,4680.989942298711,4287.951138618074,4071.2748170467294,3761.8504718517893,56355523.14,8052.77099634045,6153.213417980377,5084.084532712674,4627.5945591796535,2464.6488629729943,2225.524708202766,1364.5442118802764,1845.1198284539837,1805.139488244168,1825.2522764152466,970.1498952528017,1265.5096813244065,927.7908445335612,749.3378406287932,824.2770805957326,867.8785884235394,35942606.09,70261.38766541978,30735.358320081603,21592.931635200584,16894.967993408227,12734.129372334382,13430.284014831066,8249.67772364401,6185.909620306755,7245.320590100895,5215.805925771453,3652.2302248536425,5056.5337189128495,3795.6101276925538,4849.013578696362,3677.0861116263377,4246.1960964631435,64935305.989999995,2740.2582697171356,1283.6333101568632,139.35821000709777,650.1070608282594,851.8806144256538,1313.7959081716463,731.7695028954407,1133.6849731710713,85.17924497978153,338.6421604494535,177.8809311677067,474.03603744406786,544.5084886699095,437.86166727782086,148.84309654195866,291.56952672743796,55574624.55,9938.834318454843,4460.765602708826,2114.607877262481,1447.6963327934513,830.2739803477707,728.3208929189792,578.6058997906741,681.5392759443564,140.1831861796717,251.776162752981,423.0684088527231,390.35167703612524,516.6318632816444,330.087951684977,362.7287741303781,297.95048386278177,73193318.22999999,5028.448848564184,1991.299647252198,850.522381367914,1743.7854426031615,999.3126942426627,1502.113999397001,310.7321918376277,775.006793260959,770.7322246674591,392.50212199401085,295.696852393794,199.28563610832103,368.4225865818779,358.56960315877916,392.2752845137241,472.5937618595208,1
7,72448890.99,3163.7273108561503,1969.492911347631,1160.6794534021835,1326.0764848264973,753.1054106849485,1060.8912015007306,506.66411708876734,1324.8787955999774,1317.6760153679488,1044.5266401852114,1153.6533657154455,268.84077729027655,413.00882023118373,184.54872360913188,430.4856610318379,565.8972272711541,68770916.03999999,5555.072232059447,2907.3966658205095,2225.8681424108777,1571.896761383084,768.2462194833117,894.2381740926758,262.83526123568294,1901.3045653614545,1301.777921678701,864.2890007352079,1113.3242068882273,567.358029566023,714.3735355740469,603.1317418894504,411.78310333926464,826.7937532179831,75753639.12,2015.624793263651,1452.7042553730269,523.4410980028091,779.2088563834894,293.98423237619863,637.09514691819,197.89315565566267,1363.2638582333545,1111.7754355714167,1044.8386727943919,664.0970245458564,544.1335752248576,556.5248746269671,479.4593631023987,716.7551741885227,712.0392688869805,78082012.82,7220.06007834941,3554.7622344463693,2201.012354613244,1509.2330952404166,860.680387498799,788.7601327826079,826.9255994665511,946.8901606333663,1418.4915577735017,932.7516992762698,951.4163256133122,392.5491826735886,831.9019528066533,723.4173643477975,505.56214364613896,619.1629562829843,62106910.14,3824.2369819219375,1869.8368470470168,1425.1884031511427,1450.9194530623724,682.7997445162324,972.9464351316166,490.51933566125734,688.7889612993691,1311.2020325806632,576.5641900914396,743.7399720447352,145.94350821723333,439.02413409371565,257.69355531814085,230.90970248209183,549.1831572042735,59640257.42,24715.479651794914,7560.113981152422,4142.552054213483,3507.5319806619095,1354.5151807480793,1148.3983609152567,2329.3880812775874,1385.8561521332595,1869.9503711122431,1974.1958151808728,702.9941610999922,1404.4589373238618,1307.776748012829,1016.6516759715333,501.78706395429424,1039.3085547317598,55432475.72,3997.1129172149394,610.0833747337473,188.50637293154793,1107.666019548076,1149.3891229619169,559.6252529005577,345.8573358876762,1131.8856760741246,656.7290613721732,441.776048702271,564.5669847639186,453.15693555403925,586.9586071746314,56.916468099190446,711.1703556743371,454.77313401922333,66895203.56,11126.520511286883,5743.659455498861,3867.1977420904996,2395.5358240179953,2066.5509562365287,1196.1681706016411,2019.3442657939813,1526.530484041327,2117.7662318098273,1345.6437209324567,1628.7546065864515,903.9647629299736,1421.74642780701,1127.1024519163723,105.05153130872506,946.1958955517925,46652947.25,53043.82269852803,6675.368729389826,1554.3920961889025,3251.33238987772,3643.311060092565,2860.241018161126,4063.2082132108526,4027.809590162181,2129.7539177639037,1626.0371318081106,1335.9989709411088,691.6799935347711,1277.4509132352582,771.1082332497763,900.3692671306112,1204.3819435752414,46439901.44,99229.372000877,30847.648803058815,12986.646824762227,11318.532318429374,11375.27526418942,8709.473132919657,6652.519556693918,6321.552961069873,2978.922982623538,2087.630047808637,2167.513455676416,3117.3471070323085,3563.533328437404,3687.5355054180445,3312.511290269462,2928.1956810469574,56231861.71,36083.9271660018,4318.809103526292,5555.897881505526,1750.4858067635494,3900.1653974013207,2852.2824188840755,1856.1546369790112,1129.1271363179746,1180.7031650806803,1223.902502667149,1431.128168486096,1418.1709782265114,835.9377355682997,888.2125254835402,1392.1470014219522,868.093032057961,34625111.17999999,199463.24738631083,68570.53462389343,42657.81976642312,24655.69133622998,18660.213832458197,16536.51013761626,16014.730139621772,9818.900382810842,7172.4895418690085,6973.805554046403,6064.011163151795,6730.509610603819,6707.768582387994,5161.553184809884,6204.587764574093,5866.131628330104,64901336.510000005,3349.157830190007,3322.6501118632686,1635.6419966301455,1137.4379585370011,775.0378763206479,780.2398436141501,281.3598360004908,862.9011160268072,1331.506364407427,596.0652774114828,957.664537326994,188.66058681359254,314.40667613622867,61.68874515141942,234.3615628684827,521.0584049014051,55549047.8,30289.45327290637,5080.564660611638,5189.756120049835,3070.561354094057,2512.9927751071245,1988.3807996391351,1618.1789076767177,1570.1909817626924,669.3729976057672,1095.2558999787998,1371.7420352562535,852.021174190849,389.0761480331199,709.9591433811391,1015.1115741913381,1177.4222081541927,73148294.63,6645.32312718697,3798.2510802935576,2642.6870642970384,2186.674533637658,1168.7587283592559,1887.4025590942679,1063.0835982763358,884.7012568754342,1764.7210743287094,786.6493505271025,955.5793047826124,494.2536649862373,952.6721821540328,550.0897579622745,70.39449779409577,706.207618789023,0
8,72453394.84,2465.659644786403,1786.9749393359668,1223.4010460073139,1845.7466487671159,421.0931820124147,36.38476420924369,480.6641535109671,820.4280719435111,337.6891373428367,167.3821943525522,716.036607606699,1213.4375031924067,100.86977379921571,651.9885130399512,956.894001745205,153.4146336717775,68753338.78,4507.695790301762,2655.920715512426,444.3555649151284,2428.1262087613445,723.3034784909223,1631.3147066602498,225.19511751586643,1203.9315765645968,483.26767835662946,682.0578558145738,1277.899537691005,827.6885378657947,260.54424769783725,403.0434731464872,678.8221954515355,224.41136604731068,75768050.48,4454.355333667562,2583.2209712483595,2012.143392875585,1399.7442362107515,842.393851934612,44.35393249026032,540.3370495612188,1155.105991568019,455.00543709675264,205.88090988501324,705.5593048108101,323.6179376897506,229.61049513990795,275.3454984681227,893.4066429245593,132.1545121998098,78078013.54,2288.31631685907,2293.4940463772054,1391.1569031643496,1766.350689681553,506.0694604087579,731.9876073651493,918.3201258407703,688.9006917226889,374.2423833589674,410.8037970003993,705.2253798509843,1034.8425796415022,401.72768353358776,687.0723447036899,727.4109280832214,98.010575983543,62101198.68,2886.9710512558504,2112.450165970507,802.3694374859497,1563.0488883487617,859.6365428082454,484.39605881872393,213.17235198071083,372.2940248798691,585.8351077496447,484.60505623592724,720.8982534692634,658.2663896422772,254.0599874189999,165.61527833763535,429.3357288550591,355.04374431481665,59646926.8,4045.386416537522,1742.0328024886892,1699.789373898039,1226.6199949701793,1153.885303395557,760.4817042512983,1224.3463976700402,820.8770505209582,450.762270428436,141.34011562278866,516.7824319755996,991.8853382002587,132.58066486687193,754.0314113604154,798.3924811998337,261.18375354160037,55468969.17,6292.442126288402,3120.9076499721896,4007.5926623823693,1733.2829527380413,1819.9756523415326,698.4831244015293,1250.4240021673168,1149.9755377536296,345.14475738243476,412.690518971611,618.3042365966043,522.9585826049687,91.88987672763804,626.6622245340027,981.242123481669,269.47386970416454,66855906.120000005,4140.087517541461,3063.4903660041537,774.019110666981,1853.6173024914676,392.54467748612944,863.7592681018815,412.3320620721231,647.8844471844372,674.6539353712258,1002.6278591201519,460.5870670273211,1300.1812279685846,206.7971506227041,333.030140460749,423.84739510496985,511.3863285017893,46671516.18,53225.53730680279,21350.12148528937,5172.468553242653,10101.729212989592,6249.231276198746,8501.187895136825,4005.881475714189,1972.74297956236,1316.2760432172604,1876.130536267375,3094.1273393608526,3285.9119919597706,2606.4158937354778,1227.1553343767307,224.91577276311682,1435.966873912138,46581945.07,61199.77202934459,24014.122343883733,4222.458939228732,9727.209012853953,7473.920728620457,8085.403722438219,3841.319410275433,1871.0533745798475,1903.219161960263,3033.8276397196014,3535.390702612905,3165.1657759937457,2462.09900502372,1142.0013260927656,443.41962456325666,1722.8766713254279,56300633.17,28190.378658224192,12221.977604267577,8263.467130013332,8660.766375636587,5175.185724902781,4822.376484391195,1439.5442915407089,1746.282069423443,2481.285447617481,2578.7590945523193,2766.5590985468407,2078.8247267946163,1464.374868825552,577.2847689033727,97.91921289124707,1406.957577349274,35052964.78,151372.80913085726,64261.91308268441,21683.68196974877,14057.335938312499,13971.651844860662,5808.437459634599,8805.063964096535,5796.32099609007,6208.400927028437,5212.8363030093315,4919.658372892717,5891.0670456259595,5671.53241783214,4644.8967541327365,2491.15226089563,2953.094485066774,64914427.09,4782.637218327113,483.649301605796,1425.4899357901568,933.5050118440264,1002.8481936654227,1212.4857517555777,493.915945814933,149.73244938688447,175.09398758838606,377.05621499574175,563.3797468377321,99.93814883917064,206.0563963217658,351.14069490046114,365.4123351030728,284.64429046855713,55610014.75,20578.439620173915,9491.653664119325,3217.17299317665,3979.1086763872604,1778.2882299859828,1392.89604211546,1343.2352881007962,941.6203569676541,977.678392015333,1616.2549355468113,1335.8634465258992,1149.3051722840548,864.1304250546775,229.85671956444037,274.2082184264602,589.8441679126114,73128973.13000001,3894.622764653479,2562.028546348883,838.9958138735703,1917.4239893166473,609.5498201298652,523.3499630551595,169.16126727569312,618.9886650266259,616.4151534116427,526.5887391007086,1046.4433443656003,428.46270662367715,665.7381374593907,98.93417133556129,189.46343498039477,414.45735398693876,1
9,72431697.75999999,4795.193064466246,4466.712862549929,3083.7659555931095,744.4693319027999,919.1479421252043,938.8407232321546,1278.283358451224,1340.1481867872885,1335.580006709422,1623.5593882219998,949.5584805632816,784.8087661908177,852.1029962402271,494.16779045192413,654.2829172674192,693.0057903215135,68729514.41999999,3608.2757189142494,2651.6088050444105,2149.8903390291316,1179.9770809400022,919.0939727503913,1130.200401456756,863.6797350594101,1022.2148431935274,935.8158301806621,1262.5997046403263,843.8224289780973,566.3061092312238,1375.3139772181107,402.8487039803549,576.9005442771264,368.5628145819234,75770218.09,816.4674413987461,2551.233615177033,1839.2520590463812,487.250547133994,373.0315936337261,120.90906569698474,751.9462104816255,521.0049534527675,558.6721271225225,1102.5312693859094,551.1077650890359,477.05786703965464,1478.0810280672551,821.687119505596,81.58777293915603,35.231252710556305,78057452.48,5509.66984361714,2891.4023927670573,2403.492578369968,416.15395049056826,688.9377397905829,418.898063130466,983.8440964731425,1138.974395775411,1085.5389716541945,1421.911327429139,612.7962180578111,402.9157258329087,409.7577186989232,297.70577401475896,663.1027863564007,680.9187575140967,62083900.480000004,3189.74382523987,2493.4462445812133,2330.9097581248893,201.95330011744142,110.11897364584868,348.0674950886206,1162.4302706851236,905.1063734261072,878.54853786531,1089.7845395249228,389.09257501671806,347.5497234969999,600.3651576125935,285.60993346003414,374.4076895436553,519.649261195927,59642655.39999999,3014.2542133182556,1135.986178075927,1406.4759464037109,35.3550615640146,510.1455594082564,768.6793254833606,218.32494768536725,971.9487922720442,590.6367451702656,799.3648079178145,275.1429413276921,478.0595237598024,716.0595212560075,238.51594907742538,377.77007809694527,240.97443900186843,55488306.02,326.35071871473156,1672.5051668193141,1043.901546374374,1868.0393463417317,301.5255755825154,1072.0380419982869,226.01351137240061,661.2689829419638,446.22643868245893,1164.476962630471,312.7589536167081,565.1505969567336,1222.3745672854507,387.9301809124904,98.2909964367186,274.0259219709199,66838181.52,9255.86161942985,5415.215521798047,3430.341715419051,1588.8864690034577,811.6984275132368,1573.4033659592415,1345.8369316529609,695.8278529571916,200.2816097069855,1097.0143672697518,421.40718849349395,1469.5115917172254,1410.1302269310656,185.9136807775417,523.9798945836376,649.8051331152037,46634603.89,20148.8781955674,5268.90456414919,5669.926401647814,4000.745398109029,2406.079633790992,2404.9280276441627,3406.600692904851,2409.359479053942,725.0182985423237,759.1831416552625,863.8737450457985,1464.9938640797993,3949.057620058527,1285.901265960274,1324.0054677017326,771.549667217806,46538900.95,20231.69534924711,7364.727509711557,7420.667072827574,5038.42305557342,3166.003350092897,2828.1278223935415,1413.0203079021514,1721.481625218174,1488.7114667339576,2160.7131789742757,2579.9957408453884,2267.566321850616,2070.2301304440502,551.8480516499262,868.9364198918814,880.6100086547052,56233047.04,12818.829754511735,3552.9566854219865,3099.6199108360056,2669.9877046800957,1522.093295717131,591.1440051717044,1418.6539558005427,989.6785522763425,261.6346223506176,399.8759665139952,520.3852257749753,639.5599310829587,2568.0960266302573,890.4093948440668,818.9365645193039,470.61057513464436,34844586.6,62532.72245697335,33280.49453287695,21964.738370499857,13867.873969224216,12264.45458508091,12907.676105277837,3559.462457338569,3864.100206877918,3120.416657831054,2159.2709651258733,3525.779811035653,4382.64643826266,3481.869293217281,2871.201186866547,1618.8141790170791,1649.4790997943526,64897834.55,2362.407785424598,3915.3679180617683,2913.9956487280656,1240.3731671442856,58.692843529626984,837.2656034082529,943.9104273609073,986.9123381008437,689.0306880335556,841.5401470363735,347.91642652241524,333.1388219999365,632.4139122107747,351.73664301803484,432.20054607114196,346.00580179426385,55570473.69,4713.769023191088,3664.7649238976005,779.4701099635131,1233.3150138006104,794.7533517445507,898.7574104881696,483.8830444658163,698.089336168012,474.395705807082,362.4967597559928,302.2024920621263,424.6815576092588,1332.5477802268142,601.4497169599485,367.1313091789579,283.3500697275502,73091086.89000002,9212.092935700879,4433.243720093056,3690.8666427787794,783.9457735163937,1031.5163394354292,972.2063427064583,1321.9603399968664,925.0879650216799,1209.612618999698,1608.666245027043,816.8310255675623,690.4657522874461,473.34762988701954,687.9850894238673,453.0687260187796,630.801578103647,0
10,72417087.81,4613.646035037158,1384.254154333089,1631.8426819232222,2707.2158570341085,881.3268114826988,2437.1327519112133,1658.1518550471667,493.6011102901796,553.4483423625362,814.0593956910925,905.0262744152755,460.65961375428196,713.6101458872546,908.3944065848634,549.8523964674066,974.0854631778999,68708485.93,2422.404835886371,1715.082139270101,1842.5049161777856,3189.919560683127,1254.6166968734353,1925.9576431355604,2578.998528498112,1301.8044441854086,792.8514379829134,1315.3531096945414,182.4330024487827,813.8872312069556,647.7264110125423,802.6136442037104,808.5111851007084,475.12190964990737,75764130.82,7089.246182159344,144.41245047835298,2791.003756880344,3051.624545287055,1942.1424472343647,1901.1321375989407,1379.481488513583,257.99472713946113,529.5975957398814,617.0478188389706,510.7044098505203,385.365264125193,596.0035045501268,1178.3074414831624,628.5619219704652,1251.1313287473245,78033522.79,4520.791895729157,553.4434700636399,377.30327278334113,1952.5913077112136,245.22097544215163,1751.7070173951763,1131.9823063678252,342.7983357703312,376.4774206467182,798.8958183912194,629.8171765822921,644.4671170707946,729.8204357481486,505.98476459959045,410.86873624227616,31.357474376409673,62072726.300000004,4140.6353725880135,2005.9803773000883,1030.466242183886,2196.5539378153335,1487.8815662817453,1431.1596890813198,584.2498275441931,563.5233400853539,826.2576904490575,619.6066460821758,45.86694287437055,647.3431187532016,710.081706859028,491.5186398246235,417.60904007676754,310.7412929167828,59635495.22,6772.139979866452,1637.328005049582,1323.8103874930966,1782.6743187207398,865.6724978522162,1347.826253757862,841.2404357626983,27.899570503288054,723.8077284161992,643.6114873019379,292.1414700296556,460.2148037730746,814.4097054492765,604.1509633205693,211.92558822168337,27.225492998387217,55502617.5,6979.870748767657,2865.249128046717,1858.050487012734,2957.217606647997,1621.7037871122448,1564.4327054348091,1003.8052657147824,421.3245126328188,1102.5961334148894,547.516030617814,212.7063526996382,280.33091430380495,823.6480182148068,1151.9362110434913,327.271894339268,619.9624380089159,66873039.86,4562.350738075695,1070.3259733004722,1461.3341393431863,3131.77721174457,663.7429506279408,1940.587037802742,1044.382930309375,106.95434538692933,910.931871634714,951.8018620973595,575.3844178516177,594.1840580409197,1005.6761045643676,1476.2356519205039,783.5259117434164,537.8773400520826,46624688.42,32394.54649018526,3371.1983786028595,7900.637446140324,6629.370786123902,2671.007960386566,6732.052507528746,6898.409018060593,4187.551524062181,3042.240603450758,3418.6190114125197,860.6368126230816,613.4929944882945,829.4812873730389,581.6144587022633,496.54458609549715,438.37114367332384,46397868.69,69545.11563723657,21001.212525639578,5100.221911405635,2203.471089299543,3963.699052967598,4414.018050604196,5574.120282819522,3796.6684547681343,2252.1522335084483,2186.4053377624537,1142.2035211796085,1569.5776043289816,1695.7135764941354,1097.6186751839487,311.9452647100568,683.1164981129896,56231390.96,22660.562204000304,1076.367749210302,5351.571025217459,2727.7121091774225,1347.887025735348,3128.8313478482974,2514.9038469583193,997.3006020394577,743.6129601726628,943.4041294248264,633.6753863341239,1238.3291558056299,419.01276744402895,1067.814862838625,687.1071276548364,991.4135688565832,34597435.690000005,170425.84969449512,54943.120774759656,10583.481254516819,6604.342939052505,5185.7113852231605,4187.428831411658,2248.220046996086,3394.1920149692783,1700.7776928701448,1805.9758138963489,3478.743166733895,949.854508315864,1198.2727900004595,1604.8127785799245,932.7879032793746,2092.843336680947,64894919.28,9619.416814567276,1120.42492652313,1882.904973040073,3006.4698286144658,1251.266900268181,1414.915373437554,1486.7987097364696,395.5794247517028,837.4124394038612,823.9753313065598,675.9115189132558,355.91362933674776,234.50005902430817,527.6744264660222,587.8771550689338,869.3734739434072,55546156.55,25641.871674254555,7066.317840555845,1533.4274200020216,392.9263488447808,463.32535563822734,444.62784520294394,384.70464888383265,510.4091005699273,177.00754558869565,437.52981461994756,564.4125685256204,702.4856323098049,595.2854646866473,526.8945699888991,279.32805736679967,177.24295649884414,73059450.41,3281.6571615363127,129.0361163765287,1163.0329093144655,2022.8816292232978,1191.13999121444,1225.3094327596461,1172.8115101919736,149.16510870429394,887.5056249100784,659.4893634520404,172.8861984177118,730.9084400515222,818.6608290109417,542.5588526696554,326.48733156972634,239.7195610474076,1
11,72415677.73,1308.9025668056433,1490.4126073441435,1367.657902052017,382.9288046949351,284.23195595291264,1184.44598352182,401.29967405053213,622.5177982045135,588.3107441936725,1245.9363363621105,367.1289444834403,554.7856863954086,1199.7458713146666,196.31975291810676,531.8994491231292,431.50281198665516,68685350.78,3527.3824961519254,2726.8300859894107,1960.3089497741666,889.3175614323657,470.19783999151406,70.21858388568405,518.3057394842674,341.3105649095672,615.0587832092076,1502.9420955526891,257.1049435468179,387.5633201565006,594.6646952423795,399.25801046693897,259.1488517470453,697.5966920400609,75775758.41,671.3784871757513,244.50100224636267,1887.5326431817107,774.9092875048019,1116.3319881242867,715.7012003577163,190.0925324775669,790.8020752449813,473.0458282982311,653.2378632679088,490.05949125384797,601.4246730086992,989.0945890605534,383.073024028995,110.63214263199771,180.17551217664143,78016047.11,3225.347284985875,2466.147213078431,1960.8484760704648,431.43147694301115,1005.9437033269652,205.79558650521224,1163.2407183791536,730.6677809485133,352.5268993645543,1643.2224183425537,161.39509763211854,691.9569781413842,1028.3932930673877,558.2981326288475,491.3648677167758,360.50140600157863,62068936.699999996,1416.1175977025623,1136.4236767696025,1332.7368246500723,744.4947766748617,684.2093528400746,214.34569508507195,163.90671951998033,780.0224963767218,375.7304477276672,693.4759585391257,388.0007991228081,593.6189019642261,1139.900179245553,226.5132423230755,369.14265277651793,371.2773584375794,59624623.03,3558.8631960458442,2293.720571996414,1893.104859203837,227.71568628219782,1028.491536751905,673.6112987309143,955.4249746780208,855.5073494444448,500.0556229906695,1251.3232824984682,180.16228790788853,498.9616608591401,920.3083156863344,344.30934665969403,470.79977900916253,250.60675143331628,55521795.55,5359.104513814125,2029.5148607247768,1658.629181212902,1220.1920218044443,1205.6691710988714,1040.5868489659704,946.2941352333063,946.1221338043076,527.2678156303755,558.1356417077469,663.4540057921655,761.1099452028301,422.9075257495601,588.3300730072198,522.2395759955022,561.3977887268568,66874495.43,3309.1392005361918,1132.5582666011633,3456.7676490466156,836.16307008779,1463.8487652372226,442.4642572781497,1507.7797686058557,1004.2229747798823,1185.5856026662661,1210.8788197596043,418.6381927416869,407.4234849554871,1190.021016829156,284.7766234209452,554.4351431903261,379.0525400962478,46507988.93000001,50183.95012049673,20060.506546403216,13565.335354538269,6005.1016646226035,4446.5694072502965,6036.501587167531,7287.5761398786635,5534.420170800922,3831.7555827098945,1942.8955757934793,1314.3871801077732,1634.1248740436852,2618.960690266134,2667.6573935495558,3046.5868471957906,3255.1347331829984,46414850.79,89119.3681788665,31765.984613213575,18063.84276302882,9367.334785229581,7675.219227259983,8272.155127171713,7572.358863549045,5980.138659802063,4071.90108245374,3050.0733142698364,3537.3943568371405,2304.6143093552187,2284.3504369824523,3221.076037504545,3698.57293225281,3898.7998537711564,56203653.59,39872.5029652103,11016.450725394658,3440.4399429680375,1319.3947883385515,978.0562630648827,1173.3516006920668,1834.1646507733305,671.3085435490731,573.1601226981745,316.0219893661961,1162.0655167048433,938.7524294747665,1219.4546893712081,1288.8055347941263,1628.6725425634736,1402.8453980066542,34713328.53,156507.9355588869,54576.99263169386,35081.67894199887,16960.400503820932,19453.777201718,16912.048751818824,3241.655231743302,3368.9073514321462,4437.726419958041,4358.7586486603095,2345.918836730905,4539.864958978232,3515.442471863387,4310.168605066445,3546.790598882061,3480.7592470807017,64863874.53,8857.244081085983,4485.715254026898,2613.211626776378,1524.474469888483,2066.647637557289,1825.7593616233783,1116.25997180268,1248.945754311478,355.29075085422215,1416.637605846565,994.1395626580166,838.6019206092824,1441.6874491530632,421.98340001190746,318.49249591282626,226.3362064765629,55565420.22,20709.317031695282,10800.42307932473,8519.112708818298,9741.88589546396,7135.986232431143,4875.022371660811,4405.451880525029,4479.047485682251,4897.651740013291,3944.1471170596533,4784.376351615201,4643.314825730962,4112.905633007442,3542.5911666458187,3296.2629126492106,2128.370686207205,73038960.31,3585.196640434194,2254.106969136414,2425.286608685912,1188.7200708567761,156.00410479834665,1176.2102997238503,866.9386687850218,1235.121921558539,572.9635038654341,1134.3922470630705,327.51169986539367,1093.0473415806869,961.2043412437267,663.0500162420213,329.1806306691962,299.6684473744129,0
12,72422991.37,6661.267106664526,4452.496676769899,3614.409170381319,2976.4346678000434,2430.9262832286477,1694.0328859466756,1724.3290995152631,525.5494118372029,413.58863459494336,628.2516487839081,601.0013149285813,589.2510507471408,481.3974423410513,289.74899022299434,396.03046658985005,658.7872043215169,68675475.74,5708.984783936692,3230.5547568695047,2367.3287446288664,2081.5383618456485,2663.3583277933612,1999.260051403777,1411.0055904769372,837.7411574266599,871.0449213502889,954.5119613819361,1144.3667629664578,647.700238326335,202.92172863218508,397.9482641397493,752.5605093796122,859.6158424681888,75783133.45,6356.747473269724,5138.463967604371,3725.1576832046107,3207.1517058600216,2489.6888976696505,1583.7220014196282,1189.0717721101064,208.45111396901473,303.29026148483115,770.5568915164247,652.8796215141517,209.84056384588501,529.5742977458058,1076.5998749411917,487.0926806541324,924.4320174449776,78011683.13,5648.85197157883,4741.251909734824,2992.2989388174387,2622.082023963273,2597.501117948717,1939.0904602065395,1842.6544913974665,1006.0386222540712,976.018523016525,932.3540939828592,617.7891399213712,840.1765147212816,597.806344401766,400.79199434203855,535.2566760308038,393.13967835718336,62069442.59,5187.030668228174,3592.5124204935073,3121.30477235396,2685.0141945977903,2554.43113579703,1113.2474190345904,1572.1447028207735,122.16503187504827,328.2781726707899,712.0823604029362,860.7165709603162,371.5234992950922,424.31410141332714,114.0165266590558,151.3370013085189,462.56749819316036,59642469.230000004,7906.147447548943,6375.050665106584,3811.7399906422474,2831.581883824327,2575.3860825396755,2032.1538801758581,1579.7138920111795,669.343255163365,396.03307027052153,1038.4230891986062,1081.547636523666,519.2942017443438,521.5246079883324,697.932761155319,366.004217285396,67.47504525085907,55559112.239999995,6213.346668934285,5226.823642207493,3763.579873165557,3564.4736586441113,2967.6934350290207,1120.2683719374493,1940.0237880516993,621.5464057624595,130.10872220252315,957.7514549556752,925.4609744470529,282.3231018722086,261.7094365076538,657.153208342488,166.09199181949623,531.9822839239471,66870354.72,8484.072700572488,5972.255864893793,5115.286960759702,3554.1310825113865,1910.6199312969347,2049.8801745737833,1495.4437862219036,997.5753185054715,93.04619962595301,1141.7489665221303,134.94082506836224,488.04691734145626,186.2465564695368,958.3275066091862,219.5081259988558,479.84564641083165,46712362.480000004,11611.856124985741,7871.917362347908,5986.635342119419,5719.77711438346,4436.785217594582,5636.54103536192,3615.787368065476,3119.9232975636733,2105.7538215946897,1242.4129245312174,2298.0422004638103,2421.6020663545364,2718.326229305418,2537.9889634889573,2287.867446272128,2086.3944586781017,46635108.92,9491.14892555312,5864.039788888818,5652.243490861527,7080.398949304821,5660.805713500202,7000.071007242924,5114.330048622785,4338.946423044513,2693.4694507280665,1854.3463684390151,2382.480094719252,3631.9033684613137,3665.8018400628125,3661.6947657000696,3132.995205711457,2605.416386557911,56284780.22,1712.2263288589504,954.3969030348768,2310.9583067394233,2153.554888551969,2811.8497184755943,2518.5273494249877,2079.9113912491107,1371.2083566504382,1463.184632396255,89.71614052641809,1588.4253746023342,876.2739951770159,1109.219992449645,835.1138299850505,1049.3737681388047,1218.2886725969688,35196462.92,58320.66548605252,30384.586308176316,17054.873525351024,11591.479054706933,7019.3769618364395,12200.620353636217,4796.703011818978,3845.169719144339,2534.308046879811,2157.683844379637,1281.1843480693638,3673.057362759952,2721.2400158351948,1647.8989005680546,751.1337183655061,1268.864387793313,64874838.61,2168.279404811852,1378.7032945875662,614.9568409890898,985.3691394176913,1646.337123467673,948.1964596990127,1423.50607280622,717.3516645140601,811.4045202207334,182.6401757398407,738.6098268768212,351.0782228664192,472.54849394463275,569.1944206659145,712.8654543415191,854.214559092505,55635674.34,5088.754767655282,4651.0317174722295,2930.0702923999884,2144.302655018453,2372.0347387222428,2036.358726467027,1162.7564248752176,680.0792068998468,513.8196063108132,440.56028861659183,573.5427285837255,543.1337104601403,594.5656839798366,450.3314687210052,215.79268677115735,261.3566665797942,73022758.85,4694.600128130751,2701.8582154698197,1937.6035533837805,2644.9739960095,2314.254774590133,934.7025823839946,2002.6610237205366,633.5736274965274,841.288052127965,662.112421846788,836.3078663948904,330.3018116607167,478.4278551472446,199.56936279792166,411.05868023718347,591.280198274925,1
13,72407518.75,3353.5919929675106,1176.9827225573492,731.532347974524,2131.211584724424,2220.6591772102875,2193.5684474689742,508.4607084263471,454.0301202846586,730.7092276854432,809.5617119468899,608.6138676316824,994.0189850672132,1114.3950598700937,782.7775407033062,918.6977034763202,295.9958015799024,68649984.22999999,2739.177859786112,1306.1667401160223,928.0677625118694,1228.6827113514698,1655.216988792376,1845.1735596122312,578.5663315778293,729.6541174450994,759.5469901124081,956.1077284631992,429.0084276224998,866.7144570340256,56.69930811187778,522.9319071883992,1132.019762310668,431.2463458928628,75778574.68,3147.0617433390203,782.2165742780809,817.1498380863934,1686.5741951728,1631.9024052000375,1476.824019347212,476.77621109833257,845.2925157818171,301.5988344637625,730.2233815877084,501.45229170115533,825.4417805692641,574.1255232707096,486.4526184147645,966.7414900443016,334.21654177601977,77994370.02000001,4747.314511636864,2406.9501436046194,1463.3295237745624,2052.7954495850695,2170.496154801725,1012.0336460026743,1043.2978674530939,299.47930425388745,575.1204024148157,826.3507232180378,738.5187933754854,507.6717637726132,955.763603967361,828.9279375958192,728.5348348858308,185.40729825164027,62058725.05,4006.6119198911138,1810.5401319250948,1179.5210157527308,2630.2729758644505,1492.2581443864194,980.8432783317435,1273.935880552634,242.5259780466877,330.97408518034536,888.4192597339902,230.9163394781264,242.25411989566427,1166.318253433842,746.7267707079567,676.1112779048268,366.5663391378171,59618486.39,11454.29535884411,4840.600304252369,2904.206326945795,1749.9111050119734,2456.0799137699696,891.2636827119004,1112.027747116308,358.392140525756,916.2862496687333,769.4326004829664,775.6136155206548,440.71193086697,907.9372776239861,754.7019297177297,699.403100327664,253.55789623221628,55559832.71,3753.210403408445,1705.5921731237174,1134.761773171932,2183.7551257015807,997.821325094113,1618.3307195125556,161.9481182109435,1104.4091923031203,890.5654326312799,542.02196001925,323.64144105752666,611.4872934237834,557.4830287473436,249.86269601502397,506.09873120583177,426.4225410051215,66872098.63,1042.9287964703215,720.5731791142878,1546.4906246874828,1392.2157561411832,1730.9631719613062,2297.708956900488,1103.577286731632,482.94550891522266,339.8505375194082,915.4462937511432,1133.2611788974752,1254.3693867881334,1114.698349845557,379.2509342852113,853.9006914083302,414.93854816249774,46521034.73,39339.02250924843,15877.588376468291,8341.06140780073,5378.038715883123,2933.4600519058226,2737.503357341849,4227.507420147325,3926.9914290357965,3149.1599387289652,652.7177330698015,572.3872637206758,1420.2657056852343,2829.6944297713994,900.8552863733728,638.7764779326787,1173.95526009349,46376849.28,99104.4727251347,19921.95830073082,14561.059587592492,9221.618392548844,4295.863668079991,2649.7088454425666,3602.422311942229,5209.124469939666,3744.78805958735,1993.1227319623918,2500.1665925477855,3391.047001123944,3017.5471892980026,1625.0337218206653,520.9150029765785,2169.46993543974,56166748.13,34096.331340166435,5933.577604951474,6648.425618286942,5956.560848209733,1316.2392738842075,1645.9348381066418,749.930210848381,2443.2486441231736,1912.9744037717444,1649.9039788422303,1288.6779010189587,910.3332814680687,667.3869109996658,1366.4740533703457,1590.0625472699398,896.5928336558103,34572647.61000001,167680.3785658505,51332.82960966347,27635.557796212877,12636.409371980419,5698.209384274339,2571.101028940973,9913.194192342253,5984.71292116083,7149.191638461063,6250.412470930986,3969.8594183888113,1248.1867098947296,6137.110921837498,2294.5463865224556,2378.28253632831,2548.015537660734,64848971.0,6899.618669467011,4125.190282625474,2000.4926194842672,1906.5766235996155,2005.6676026339767,408.7822732592037,1451.1403976365204,574.1653442762984,294.29580232202886,696.3357755808465,529.7112428834902,282.00508038601805,293.5170124575321,92.44002314316872,256.2574538423492,173.29268618826555,55553678.82,18692.41571433388,3723.6974952500277,1925.2590857352748,3042.4344909505803,2938.7358083063273,1188.9306870002786,942.4315610614419,975.5526697639243,888.3876338003399,613.1379018492838,816.973640353098,357.59544117677405,880.3326852772889,1045.0501966148674,961.2906408107762,561.9577851379041,72996004.28999999,5885.565658002443,2980.479538796645,2186.218624668952,3374.5306024397796,2356.397800724792,1524.0662135630719,1805.2317395008877,196.91560713980311,693.1167644876656,1073.4271801535056,898.4659748469684,869.4556566184992,1083.9888030216152,742.3568758887799,482.5887823225895,500.56270474939,0
14,72396207.62,1752.9295221399625,1804.6352411304354,447.94477320854656,1103.3377362173208,1612.636411821282,360.33299885643623,716.1217897233513,1128.5129409494452,423.90455576311984,858.8092739079901,1224.4548382128983,135.72957056436036,531.0935209834771,280.42747605703363,473.32438646850335,425.0972857497391,68627842.65,7135.69829281234,3414.409781432014,1840.721628980456,1283.5432123104863,2386.57673556958,1232.7560047927093,1901.8068513853734,2572.747205795279,559.4407261719878,1217.9462179295158,848.1584913214521,744.6336756524709,239.04015376232152,188.0351391648368,667.956414016823,820.3026081225811,75769130.08,2386.9409837328935,2034.09648251661,1167.2080950747886,681.8514085544048,1364.058102032693,267.9349030565481,1786.741784687558,1507.7438430567977,362.7621900640883,663.9415330404245,925.2445468890697,485.47879812812107,683.2477960948715,404.0064353598678,346.1392217086268,647.3075595511913,77980396.13,2258.4208152171263,1538.7857433762915,519.5659138659943,1032.4162378440221,1327.2431589681823,938.5614118922757,916.1743564225802,771.6240098674415,571.0356720763546,1088.1692737728974,737.681920818701,316.53603941083855,357.00850450172544,388.17864987393597,247.69574719775179,589.2876065880193,62040541.11,3229.9663933205416,2090.6248975670555,1232.3560025465524,946.0853932050488,1585.7420758459784,1086.9606507589815,758.7222355965919,756.5184410700838,468.0031042681705,683.1620740110709,422.0415970012682,231.4432333919679,742.8972237070592,286.0935477981774,312.4060371460741,199.10022983825,59599211.400000006,10824.873964821372,1659.1977960772372,2713.6778977364966,936.44749712978,2563.311232424932,1227.1640517472151,719.1103962160984,1459.9522351336404,827.4191304902075,1285.7252794508581,234.0723376744298,579.6730498006008,789.2832819462127,546.6688771875315,469.2298348319464,420.20977950941807,55575004.52,451.5828696216017,1832.9608467336207,1385.085225593283,843.03894785339,399.72274154686784,399.4459698481574,796.5239470680131,840.4027954430994,415.75162161345054,1035.870903842626,703.8067211718342,298.7144292590748,174.55739265110202,325.17264416082446,288.7491331167596,690.7261201015392,66858822.94,4269.522844800545,620.894991188974,1335.215978714859,186.2197976256928,2065.5044117922644,1196.0753136926312,1175.022626806119,1371.093379436363,784.5593715797773,939.2582654618742,616.7149566602003,348.41194800792874,203.74334812184065,571.645191907641,329.32711475651274,763.4435170190379,46493096.38,43541.09101187863,25989.48520103814,13960.531765391275,9816.820049368273,10360.669131322154,3367.821183669731,6675.907493457695,5337.752343135139,3602.6316291244084,5422.818970134097,2578.6754777979,4916.40101730673,1527.5651725512257,1961.7227068531367,2809.9158343320023,1981.2516714439043,46452519.519999996,67793.83496318175,28878.618602897182,14733.977076804762,12011.083990647992,9596.250042629817,4331.530319664886,3687.4344522225947,4098.296523483127,2897.767739012447,4080.7641871506166,1291.1876358781692,3319.8478612663184,2379.1008704250844,1912.7805785051992,2712.1722687382717,1517.0449611874474,56140017.970000006,45085.33030305516,7855.593563900984,17116.77639198169,3961.7616130382944,9294.19653694793,666.0387347500043,5029.463047691848,3023.6235438638996,3325.9422535878925,2003.3325588595535,2088.3182833945198,2269.2969352095197,2240.0301170230105,1289.193856997778,2222.7281039580653,1006.4148243657867,34570590.32,189539.46986560203,74693.15100082221,42782.61747251162,26596.32020203274,19882.515907549277,18217.911659153597,10249.255092858746,10337.21191643853,6891.3400619883005,7256.418891808188,3802.3560074431916,4839.170708680567,8180.806250027177,5662.448669584547,6964.570628855992,4806.49851898472,64839789.82,5833.8368172411265,2629.247614294003,3281.9748993283715,678.8241499894673,2641.890433212854,2136.228221949262,1331.4198496318156,1240.9391942596465,661.0414936003798,1142.1147105571029,696.5645501017186,983.7095649702379,793.2306371169383,370.12015336316216,762.791496663834,371.0433845763137,55494697.29,30543.853122088905,10013.744379012589,8045.827564843307,5120.745470662477,5776.442297040467,4282.981065739945,3342.224575163497,3497.6018102599783,2342.8925604928572,2373.226674897457,1469.2228196689932,2044.5646038444597,1959.8805392549214,1915.6710727039072,1617.9021213276294,1310.5698216647263,72951268.35,13682.919179952569,2146.0996849978865,4632.272557772821,1929.921073233678,3218.0039359558195,1356.490179289177,1902.8747711161698,1202.385118382713,1450.290043149222,1382.4979720465212,396.71524220976625,803.9467806584136,1102.3042644658958,650.9122275165854,399.70531552146906,532.7121646588291,1
15,72393913.28,2076.7447213766027,1668.9463700674637,2228.4274645300343,620.6272205013472,506.6306402604237,922.435222471401,1239.8830661607228,869.9749045448139,967.9458544144226,364.53522638677015,569.4807508425469,543.9968029969514,709.9702414068016,398.297348267188,485.94365572739946,428.18527424543083,68593889.69999999,4054.0002612636836,1131.7799562498267,2858.8377545552444,926.7653840632469,1225.3177042017232,204.08024882224652,776.7591455716992,821.1511530703236,796.3670428394771,539.8928871504352,818.4834428230573,362.73906235121973,1102.105823554201,756.5172306202222,476.4061891059551,459.91943638714855,75769633.38,1458.7469464905957,2045.8615876524257,1683.650170956869,478.31963339806214,438.61195269973564,318.5445098802996,185.86377566349074,754.7183834319558,704.8892879963358,415.83036254780814,465.1418861222067,599.8559087295762,520.1907804183364,530.8844361770607,256.7743161770622,734.9478708695817,77978334.72999999,1547.7135710158,2043.5564082265591,1190.829687120575,697.327363076658,305.02947739425,946.7929276265302,501.9575468563237,620.044374368578,380.5318542804916,295.79695678796105,726.7034249032423,368.8563713206544,656.4202075048468,326.1084915578036,480.9471816908529,333.97998968276806,62036575.230000004,1793.6826608529377,1126.981171405353,1796.8458989286123,378.47078294978394,108.03956541061834,489.0208105281148,841.7453198977583,346.76545211584215,546.4752867741865,183.3897632529433,400.778631150392,221.83175621547048,578.9448334073924,463.2004000973286,523.6236437476446,518.4913239797045,59577510.66,16875.36892556097,6443.587433378822,733.2970106222958,938.9769313240772,1097.723073650735,1340.340951484593,666.1651464589298,590.3332927616165,80.66175836175293,379.12457144813646,570.4753624151057,384.4691007620304,659.3863189247807,196.16165823258413,464.8968945305124,563.546712664086,55597465.16,5562.054487934944,3652.4847695022095,1146.2273497004157,841.9771492962539,1351.9641473530535,1043.891701190998,568.1016797361134,615.3760445655895,377.9316286536447,621.2869158324233,586.6567912793621,836.4806967564369,527.2117807762912,481.8498943202819,335.42876380273526,786.9276360178238,66832108.36,1932.6176195995429,160.75918548102482,2573.7782048443864,615.7307094507356,316.98214558302067,942.6989608724242,1236.941924105155,1373.8966116686277,789.287166671505,399.40655558461617,654.5164078092622,221.22574253580788,1077.610548216647,546.870154755681,492.0275366316894,366.0620524815028,46499051.489999995,48132.28506184876,17426.942997417704,8624.557856780202,4246.578383029361,2716.8192915003524,995.0267157732242,1300.9444361977003,2451.2518670438026,1816.138951514278,1248.7686134461403,1172.205825671,1323.1654642882818,2693.460756009799,753.491452221221,996.1959917305479,990.3223286229255,46715901.82,73216.63261375546,26458.87832465294,10778.245447791287,6973.997447799864,5452.788830408571,4534.648070120828,2174.7439760489383,4073.753119072066,2654.4134459760676,3949.14860852596,628.8168781861137,2989.3004999984946,317.74357501819486,2518.5089921613912,640.2424240575826,2391.0447045734886,56129072.300000004,24110.864585414198,5633.993965616637,6966.246392741835,1230.66288120826,2725.1133677406488,1154.0971485175662,907.3953090802049,972.0129951359174,1619.660817161226,266.3492148643173,884.4009023514865,702.180809111106,1568.8038710160688,564.2176423249496,826.1623034366698,437.75533033303606,34721856.120000005,107846.13855625999,56862.293707666904,26409.237106533634,12616.568225482542,5712.630498453601,3065.1479481804354,6637.423449001609,2109.19585654483,3240.538874476392,2699.982169887785,3213.8659382075225,2473.329999168973,3502.0267730544765,2846.0716446609345,1759.3028521451365,1256.9398479981676,64820145.37,9499.365632584693,2560.056745042364,2318.835769870636,1001.0435993168494,1665.520765838619,1283.410940599193,677.089882469406,260.52355760820654,1078.4168496901755,363.22842651758066,519.564560244296,560.0755289963988,466.7115894171986,520.3150926470863,232.43072372505463,237.02532497065528,55338900.72,13075.207082568491,5282.880495177281,7451.018033388127,5960.032066693471,4187.347095350705,2353.5064698334772,3107.774538072232,2388.35418374383,2032.9788140758685,1423.4754081668336,2240.0005958935735,1298.0634485421158,1899.9187064710443,1375.2119594871533,1128.9489032748843,769.2995447678603,72905944.77000001,7511.701107211015,2598.586101852615,3570.089512939102,2107.0774983445986,1185.976663304705,1395.799007346711,1149.3291960939287,1064.6292648966312,1221.370463465791,401.5690020398931,999.276239025759,416.264085808686,732.938543916962,713.7429332313648,355.0191516656367,274.8244996946271,0
16,72381651.07,1792.4072783349864,3708.8599060784686,1946.7005998715076,1252.495860193785,1318.8651691697162,948.8480990797068,1957.7787381386356,1216.2197592159202,643.8274488887757,537.0287234413056,862.7409574425787,711.4678154515872,728.3486818580883,407.3647360206711,683.0658760956721,185.23557023944775,68567220.96000001,810.9169895797226,4714.077596061427,2354.753717719265,1103.9571011021594,1361.0806377423498,1062.3269465917729,1572.600515678383,1463.0761291296164,710.0516528681751,703.2692193865255,1043.1195256060807,1037.441023453243,459.1752931353179,648.3832475902506,522.8858556407295,904.8733584294718,75765795.33,3554.374629875009,2414.243366286569,1994.002048307398,936.1660993594614,1171.275781417499,1490.7618053910528,1392.5203859195094,1102.414844984033,437.0299647426782,705.9930095936274,1174.76761106588,917.5213084963117,372.75356342138514,558.39677131494,467.87341716136166,717.7098493278976,77969437.92,591.0284711393233,3211.811674071482,1951.4475450381453,984.7952873263409,1453.9374370108712,390.9240486759532,1296.3797300498477,1182.7641765809262,739.0289381683584,240.94819622683983,179.67220584557228,523.385536242997,320.40535149811234,376.3145365314331,348.8824043987209,397.47349797603954,62019660.85,831.3793482078349,1945.8522752092067,1874.6476290888652,122.83686196768105,1389.5323890526713,705.6311232854783,1048.7426483351805,1377.087806496894,445.0336270898704,100.20696325957203,271.1223521616833,441.99214050251106,421.7803384578614,369.50119104673814,392.5223385768897,356.39514132148634,59584150.76,9278.366727770077,1935.9057564505324,2184.1854308592933,2004.253856807838,504.00148991436936,968.4897348053609,1277.2373884549418,254.26094921206723,369.2520240940014,807.9151905843065,699.4360162216918,150.743753689874,782.8734221402731,359.2194040493745,284.16920478609546,211.59658678146846,55618660.19,6092.801834713929,1403.0870030506396,856.0248756719581,1702.7953391283581,592.731052149932,1485.9362654839854,1958.9477837720608,501.59559204991314,604.5934418508522,800.9574122439013,1166.8109655724832,143.52752110355956,836.0549048742214,468.907949779602,506.3156893917911,182.5799236882919,66810476.900000006,299.4235265417767,4381.449105008229,1829.2537427493364,482.0811381663366,1210.4157025287598,1006.3971215795144,1605.3805280046124,750.4369180310156,769.4084174608151,454.47533923531887,402.62876747696004,543.6362498762481,607.7109645281552,1052.7575608221914,207.6076217507361,930.7477250392208,46545914.11000001,44849.769852132784,18479.908064367857,17517.384036948213,17411.394942266863,5194.528773447795,11690.558265105812,10046.909841411682,4293.73233374461,5750.899719474441,7190.2495564894925,4352.208236448463,3119.651576183403,4685.826573346872,1817.3017194378585,3173.012392228394,2669.9331718596404,46884989.67,82340.16884144077,31153.193033693497,22706.797219851465,22782.493376954186,8720.645654809534,11862.268856821696,14458.63354668402,5208.4905138802915,7077.233487690516,9307.087000221796,4895.848950493582,4713.178436364303,5717.332640168043,3904.4019188786456,4548.294082137918,4211.387946424589,56034963.11,17483.694754729328,1740.8898464447504,5217.764395839838,3457.789834857267,1022.5587302403782,3310.706052727343,2129.3283432809203,1782.1290486907403,776.4941566760356,1884.4769684487374,1518.4117531406014,416.9033116134058,1387.726539174214,234.91991980765215,820.8144827615425,288.9984471713797,34867127.58,134527.6559794741,73408.18901266929,47125.76367281909,37067.561285128235,27678.60170727949,19647.78218665355,22201.295044395756,15188.527876142927,13756.689512834091,13369.141607372112,11072.46618101244,11290.937283929998,9631.090281112134,9292.886936984869,9002.918647162143,8064.919557316681,64779399.95,19117.41373554597,7755.5479100442535,1148.3979563012485,2688.6551236464147,434.36959767740086,1339.4856578235235,947.6187934265481,1326.195727917346,702.0288897871768,947.5941507196069,79.84088524088939,644.0662340106363,907.0501563070234,111.00077005825412,818.414772064673,37.8823541901403,55267199.94,20909.703392427255,3643.200934298931,2771.5134522412836,1252.8954208735304,936.6121897877297,1340.008138263463,830.6001730349992,501.4976177451204,736.8649186468199,410.1230815518751,361.0498301373571,340.22434374712907,269.9415965370621,568.0685350749387,226.26018372902524,279.2733893164365,72845838.45,6776.1808036627135,5541.021010227028,3904.4588129352524,1206.2175484493453,2110.813371626131,822.8248357411221,298.8304872593085,2396.127382290982,830.7797612743362,721.4129879325307,562.1081485588409,743.436985670424,71.06096811599548,926.8491225799829,648.7651352540627,591.6816766005309,2
17,72371971.37,5250.213248366984,3397.8147680387924,2638.29451467749,1330.0842126689834,406.8456327777458,1339.6201961969514,299.8360419265984,1096.388284526963,757.1979540948241,72.57416320424727,410.9362347818726,297.2516867637961,1236.4430283074005,1139.5470327177172,464.8629003431522,353.4824901616347,68543151.95,7956.42398136923,3914.4300672780214,3404.1948090446235,1914.268895993168,598.9668350739724,584.8519983982328,1049.8216123591046,1483.1399000021102,1386.725789205266,490.1142402549618,434.7034563717096,476.919384630452,1261.0994635449356,1472.1342510696531,624.5532376799133,479.9272008341061,75765194.64,2376.1077077431987,3000.9093909004487,2412.03385528979,841.0525766447835,700.249773714318,1073.935779165569,569.9369726149336,1364.7636826821854,871.674643364362,423.0637212429417,416.5828094918538,187.794734718475,1182.3349679867201,1003.5426200334294,593.2426440003427,624.6995804892235,77951106.19,6656.34125644384,4299.169667794205,3141.7208504139726,2368.4786682518375,786.4760245838988,882.5834198570341,77.39136185978906,897.7222255757334,722.6951476104799,286.78626254584935,684.920570801435,264.02449549430725,1157.5461725256212,857.4908918525539,240.71753205380492,67.71072720933941,62008871.84,5174.4642763006605,3533.419485839521,2401.1283965644343,1596.3546891114504,150.5089817187326,1147.9972164477842,183.25623442639494,1077.47712496926,733.8548628842416,468.5657442451365,451.05835693927116,138.99898063111644,762.7829579618435,525.1081505930875,449.6684561006331,89.14773703983028,59598233.89,4957.3205173744045,4372.854263225566,3185.035126615635,2003.6871983565716,962.5433178347411,1181.0082374211497,166.66544787454913,935.9240712202662,609.7657418225614,166.71819952105326,689.7296036628228,134.81695996461343,953.7541494327357,706.9072529813822,294.3400788621845,300.9306033681083,55636372.0,1306.3171011991326,1262.2375059300355,2493.974637595589,464.0241255473911,1328.1348237842326,1963.213374136575,340.2689483375874,669.0999044601544,220.96717757456918,333.8838934361574,175.10013753891403,203.29907882037762,589.64217275224,531.10049942342,351.12327873454205,480.284394605902,66797411.620000005,3731.4279689631353,3515.2439011261263,2293.106268466413,1204.0157893299008,621.4606207643435,1300.9951123230965,524.2197155162228,1331.7411288256328,1060.185165757128,236.27854917135147,413.8447461527453,328.1970153912103,1208.827303979855,1257.07763745456,594.5364149263174,611.0101461133476,46562004.57,32972.29523768606,13862.419297993458,7498.948163789969,2890.601195226921,1234.2245710409552,3388.3448989456406,2022.627022585344,1586.0314063334492,2395.1563982856737,1871.621044023441,2235.2063154739058,2986.015791612482,922.2821137406567,754.127100847933,508.9781785131351,333.6218103354612,46851217.86,44238.50581775154,22614.334134545,13759.21765883115,7525.163514947541,3704.3614140035506,2754.6759909395046,3002.0956119609405,3691.493294576332,3673.9740009641287,3720.085714870404,3578.7005666256837,3889.228849259153,2829.320779926698,2606.768931411581,1454.5647518122892,1040.8806875014957,56008153.87,36398.294378417035,13858.630195229598,6178.90152941631,5476.863512667016,4020.84952031094,1180.3313017234257,2476.9645100964576,3127.285684233764,2518.4938030881863,1807.200371778336,2005.0502545318484,2116.0779490636723,1840.6119233344539,1804.5741716412024,1000.3834421114194,390.6684533619899,34796806.43,142771.46945752107,63724.41367851541,7439.977304494914,16814.981298085906,15117.871531329542,8492.244799138012,11420.23916236118,6939.559148499273,7236.636178365678,5182.426902590074,6598.330711468633,2899.5966122697932,5021.2983508518755,6636.519393655146,4123.802212318568,2564.225917697137,64798093.230000004,5664.8837945032155,1203.555501641847,3041.4919233267833,768.2976553768623,913.9597516085687,292.21197530810423,370.35427999915447,469.14005705003007,628.9170114266373,185.99791019453357,508.05397675885666,331.52998442572067,817.4644762582194,253.85256651671622,133.86244326745955,336.60476686781135,55278539.510000005,12463.958340162339,6453.756835773127,4750.069680148098,3194.09942047069,2247.308696380784,1197.192010124927,817.8782129428378,972.1430126193774,1045.0686266327575,305.9370150117117,824.5025612636807,306.5497451528951,1169.090757812465,786.580283714471,443.3233919433237,585.5991080442981,72787766.46000001,26973.426687462787,14985.794382397238,4924.2061229278825,6474.573997215951,4403.947177474586,2509.103376659547,2801.9655456908113,3305.8636299735394,2326.2045718161276,2066.935770956866,2077.54541995918,1425.140685884169,2013.4876886181398,1888.5372775826208,1663.2020067617473,1123.6557819174236,0
18,72347863.11000001,4121.950861069543,2897.9744749019173,1331.6542214412925,1584.665185466483,1458.6794504956483,589.0622822341251,1213.0840963854296,752.8890687586091,717.9014604963437,767.2772297656247,233.2913561066472,432.22120576103424,292.6637778918907,272.90562125254274,114.55067606169341,259.5075143880969,68505892.95,6651.8692404847,4208.240481493422,2583.105735305955,2089.7974571202985,1523.1620435007767,841.2027116168153,1570.5628128881476,1056.8800483495754,1160.4870738747888,1146.9164493282888,629.6267060298558,332.61508301711876,359.9897880265382,434.23708268139046,294.56972670197035,528.6258024816883,75746641.97999999,3359.684263163742,2549.8461966022555,1370.3768756063075,1096.5086855360896,854.0771206082499,936.6873645433753,1143.0735341712186,596.6413327157284,1170.4677629127268,1005.067622802179,410.77251958311047,597.9256036087728,478.9770712230654,474.9521207340359,341.9663703473878,292.6691641794917,77922851.91,5335.630368406619,2975.3722470696466,1470.6130904494316,2313.8093809441793,1638.4694808310217,526.0610508769985,774.4237811756109,849.5886879069828,841.5549285544975,466.362190888347,129.28444216366847,387.11075354759066,83.15496509827965,321.8579654442805,232.1187952475697,482.1419582796013,61985167.84,4148.99440686826,2686.2501375758466,1210.4854675747188,1045.5678265265635,1102.8747116689924,293.6941950730195,798.473433636101,644.6397003615942,899.0635242282399,426.49645446038306,65.79719154883836,376.84131336091457,314.06594564375513,186.9499306769313,86.95486079955481,566.7051214204748,59582336.39,729.4560076067601,2387.2284328915266,395.4217602023774,1323.2520809972473,1540.122274087605,1309.0878216816445,696.6039030884392,518.5337827822932,702.7197953120864,492.10143329708256,333.1327544700036,207.5673675360619,217.5564137423802,253.73478763593516,108.04362435983948,161.38219654975066,55642377.83,1053.5930681445307,1428.4207635063296,916.2637746872326,226.37719868321452,985.7118689985733,1491.6290158544327,755.939354622429,705.8635697115495,998.5437793791007,316.48100229390633,404.8128065245164,396.9531700690183,511.6918505553751,268.9026655552917,229.79287673929076,316.20568888687734,66766034.06,3375.1210620347906,2775.3615845949353,1932.5893019412572,1863.7616446202144,2123.574519411546,973.5130745000502,1233.3900113119803,776.7489423926421,1482.3660251689755,1011.6500078113506,398.10167549435386,124.01166859786497,411.9676939498389,473.8246244317137,165.44843955263914,131.29747784217926,46677678.5,22005.663565556126,10049.95319047264,9554.72782094381,4621.6983431173585,4179.553209398695,8256.088339086402,4378.314708811539,2531.552963048906,3265.208401214412,2326.2471971109508,1896.9632815644338,2234.977095728694,1436.6492773246457,1690.086874080303,1713.3263647318154,1070.6970216870704,46899803.4,13953.847747377577,9021.239655806081,7941.192054796231,1567.4151271785322,3925.2690822315412,6798.9765359863295,2575.52872008019,1697.7171065383686,1868.1491139335692,2065.9592785366394,1774.3735805076287,1038.1146526071445,1496.612403510694,1364.2889707805823,1334.2183103240147,999.3244193933458,56024411.36,14921.413890238206,7328.461026383842,5445.89033662951,2706.212953265368,3209.8494621100863,4247.75947935167,1892.997095107379,1371.4084975780595,1915.0167623922205,1110.5314750768268,1011.3100194236031,1086.3743326580664,1088.2105718199782,1179.216542156495,1181.6094684247223,853.791356619147,35134320.75,48693.008532278516,25891.032233966376,25197.834464937354,18177.52347431817,12400.848436412482,8570.152444067011,11291.912198508797,7688.278089800203,8887.535532905718,6518.140205485979,8564.212640826452,6881.75944641459,5232.529317642495,4962.230712774008,5698.566082561057,3584.5467385343773,64785117.75,2706.4067970959954,1658.108995188125,326.07575369052233,868.4516706973404,555.007770783149,354.4191524704677,650.9353417320115,359.5194044212519,500.16524746232824,375.12823224183506,285.93932733788444,133.89439302921818,169.29874332219183,55.21392461491971,43.877342145766264,439.329005766209,55300914.120000005,9600.823825777054,6435.441764951603,2966.980192337342,1119.403133619672,2177.8631274879385,2400.064958721693,1692.5831592140435,1058.84147528102,1058.4863596443965,1407.5301620418218,1292.847451355379,938.8059450891378,649.6547182187722,579.468092719737,474.2624775928327,454.32735560796505,72667237.7,7287.819426007376,4294.207096050406,3827.524663072016,2666.579843789293,2456.191679713411,1570.9977979050373,1544.7744869252376,1158.4028198678566,1564.8559144654937,1017.6274053946936,563.4804883066876,727.9145925575247,308.7196020511679,567.4322311200452,537.9918556077122,916.1246176493838,1
19,72317885.05000001,5914.132971934862,1413.9522120485349,1069.4777860006338,2248.454905939507,824.0688803462563,1015.0437186987916,1039.8512586558666,1123.1987572559487,488.0100508727583,1262.167389467242,1026.553826421849,810.991793925916,644.1780578024384,459.60210657613106,258.6361124732192,846.4084575645082,68455680.83000001,7499.438152073301,2081.6659247057155,1345.8764029493464,3038.2055450644766,1320.805019104595,429.11496812607254,934.9457816919337,1191.9871075641543,357.46254156927176,1019.2094041571386,1081.4964370114992,495.58935924606243,820.8298207795139,652.5372243729404,552.6062668511935,801.9529469203749,75728687.48,3123.6591956880247,783.8324094323646,1190.4661534112868,2093.1517688079184,817.7885094597028,569.6068711869359,704.9812467613203,1083.4701140920058,357.59255713321414,196.918592324909,429.1257698108476,507.24907739864943,687.0213724730665,595.8226085333283,598.9880065383218,709.451720096436,77889126.49,6938.404462380507,1583.7903526583202,1415.6499518593562,1899.3791718974346,532.352266431303,583.0271180303745,597.7268941792879,1200.9353412636074,323.20932163458076,1014.0725743177452,737.3129576150826,667.8661197736136,348.0005729418269,463.8675921261623,28.718460770276323,818.0501880041022,61956708.23,6032.099186673893,1880.9815473924211,1223.3368931826037,1586.4028402361052,597.9210648835074,566.0399439703749,742.1417223942656,638.5971189433754,500.51011568430346,782.5609886504058,275.153256076884,416.92309872913813,340.85458954419346,217.14148415995143,92.85225306084071,519.0216297610623,59564493.38,4928.713618293535,1078.1042635674423,1273.5070142796842,1302.720999246526,262.4200582861055,366.99908875451524,429.3667951508735,1174.1780696184237,355.1886028710946,635.6344646566349,500.5667524306687,517.2003840005423,273.86527356322836,380.9397372010702,168.56187601692736,775.7326010556479,55642628.870000005,2982.5845934917456,290.7107063066323,1597.595691552835,1171.5961344489058,851.5384794439758,396.2429931961964,585.494818195971,1002.1048081843196,476.0811218017716,249.481731698779,252.39097236198873,653.4502234771296,236.2195517530737,159.02566485686356,329.83851409817777,89.9356309110293,66733360.29000001,6657.677490837134,2161.04512454595,1227.8183148602304,2908.0568345842544,412.710851568292,1664.6644826777786,1194.4230284610273,1473.1639978545152,676.3766820352539,720.3988560337443,1269.741073367679,440.52086511200264,940.83578197318,812.5702721787275,467.60754238021383,851.4702571411657,46726709.03,3743.3451364410967,4952.640741958839,2592.871658204405,1276.226924786319,3711.2248984595603,4079.042627098197,701.3489995584415,1408.5007226417029,2381.3813100972175,911.8573269927718,506.07755618206164,1610.655604088335,692.4348307098159,1123.1112386185355,1368.3654431901516,681.3151304250437,46886327.81999999,8548.817799835111,437.5245395581115,2791.5615548679352,4060.9050389348195,2784.131455678108,2873.8343936087012,1418.426267158749,1567.9479933285356,1678.0880148032954,2263.7244217367715,1429.8141659671053,729.5764908947716,1290.9417207310935,1372.1893978104174,788.961517541079,1246.4509415542093,56027107.95,4465.822344625264,769.6687152348455,1242.831734885537,1914.8804318746284,1331.8459487683137,1010.5274046059365,877.9759986693119,927.9478855382865,1164.0816807233698,937.1043077174485,712.453754913569,494.65471584020924,699.3356786523591,539.299915767012,515.7088437293206,421.2699370801517,35350907.55,43462.65245968224,23989.15836251403,17279.739844792963,11590.645832490554,9505.211161697649,8890.512576521758,6145.2556427525205,7778.40941429866,5758.301154550684,4780.209545943477,5058.757333494166,4009.1469447466584,3705.416001669018,2524.292544160222,4077.5736598275253,2125.481486956097,64757827.7,4878.145758774507,2396.918803732856,1346.859843406458,1542.0852996089661,759.3266874810085,297.9397196978681,768.1100736378504,536.2297054513136,706.2880481894813,923.5330360343918,261.17778177576065,138.9125196461153,572.3817038072909,451.9896711460032,264.4264095949971,482.4461654993438,55307662.26,1214.7896112984488,2242.856966292886,2467.5326554725734,518.0829406111322,847.4381296933425,758.3094292723677,778.4781785728919,1145.2212001451837,953.0949372509385,380.3049994921835,818.1090152548577,668.4747747697413,190.86163313618698,349.1731601309406,577.194543046037,420.0307636208458,72560317.78,26436.352776963155,12399.42732332303,7318.272682597284,6312.396823912267,3952.728189189797,2607.4213578265967,3106.308333272808,2819.5172281491637,2028.0026497648264,2213.1776458182876,1318.7271273953756,1539.0380517737017,1761.5919129771046,1710.2556218323093,1609.6424672099558,1514.1351033868623,0
20,72303737.89,1795.7243851606781,1140.4728799432953,2002.063867883952,1001.2358906949491,1943.316185636916,1429.1396243013003,860.1881058137603,423.93234718079805,296.21352981324867,499.6844433489775,287.34058918186014,905.1391621449686,92.66634841671697,1027.0678909823298,823.9309317429651,169.6168638928907,68432399.22999999,2201.3401755811997,1067.6627005984014,3287.9374292978086,1141.6292484392873,2242.866735938338,247.3843848411884,1185.5486921502556,1014.8674171730684,427.04883988279045,780.4251663221495,524.2486815516253,838.9767749375103,106.94735991667694,1006.6954599906076,699.456333112916,468.7215682027552,75725368.19,879.9843299543403,633.0692910241578,2312.9160758428816,1365.0418749726757,1942.7091062247564,423.7100970609485,882.5843106552787,735.997791611409,239.29924406845103,554.0361339931333,205.3783640896899,305.5748559762103,302.30731458347447,975.1638102676604,813.5955050371309,121.01811718098335,77873681.46000001,625.523036630764,92.93671816286194,1973.7412174291567,848.4902322279889,2157.730509242199,1211.518871303265,792.2990371936701,917.7405480286727,222.95877240239494,503.09677342115145,556.1522409884606,668.5349662101291,282.7437509851395,562.7957780086971,438.63921191539634,366.9567448283623,61941118.06,1904.2307577173167,349.04913207868316,1654.391479041404,221.85971720688005,1406.527638736718,799.3560666697481,441.91374998082824,711.692387674451,283.35408465600335,720.8993538602625,300.001229186715,642.1189683678716,351.9265133435446,755.1996802206318,442.5095328701725,236.10349350577124,59557099.519999996,1136.101424178811,568.6566311843127,1574.8372413089792,512.0532471653916,1567.8081623178766,1474.064429700778,948.6411782888772,853.9896911494083,47.799808914809304,403.948364512795,460.1997321083633,502.6775760263655,133.328282535118,329.6022599054338,207.3293170992928,300.29776405517373,55655688.19,4234.757952342821,2276.7108136171696,696.4766547220689,1826.2340209379809,790.9158540686084,604.7280232833001,872.5093856225345,1247.0413651369568,477.7533913192664,287.4611895854147,113.30427492425667,331.45301813603254,239.48761050690592,645.6692566843601,363.10692335695234,144.96153197680903,66711370.33,2710.3735222186106,2017.170148238507,3930.3183398609613,999.2007117918807,3028.4774299586893,1226.3830255105156,947.5941486287554,972.4012292877962,764.14385227487,788.9480560868201,536.4529086459306,1440.544744111515,510.9009368627148,1173.0452477702104,997.1446968413053,768.82844377266,46614538.6,72349.05599050585,8501.44518327907,15766.153569191218,6825.0357284297315,5872.627039998238,8714.045521369137,2899.7287325792454,3810.546273286874,2974.2346209871525,2787.8711533354276,3169.5129575732512,2484.4918621434144,2206.1989648411804,2351.621358455316,2108.1349494317647,1329.2074488503767,46718090.05,88574.06962122435,11159.706530836082,15468.740125870328,4826.63964652123,6893.363280242053,6504.067423252204,3218.2023745944266,3719.2877583468,3049.87148914328,2813.3623962638676,3077.7354950514073,2415.602153289667,2001.863022774951,2155.4507117769995,1882.7916138745325,1390.8590842440076,55972323.34,28064.00259769211,7462.130967215084,5606.762671860496,3041.4260974374793,3414.3116543167903,3297.0696432037967,1670.290354743032,1935.0562809174037,1353.59939656719,1193.4531954045929,1791.8142029674245,1550.178423164673,936.1850996614467,1530.0408778420158,1325.4010044077304,652.8390296737217,35024506.82000001,336258.7592183907,126357.95532643094,67318.6845718436,37822.127909939474,31178.223571169205,26320.5585774692,23671.892200573253,19666.644621539715,21121.76604242963,19114.045682389446,14461.179949308766,18649.05524946891,14081.637429469158,13294.49997805428,13617.21020677462,10824.461371952983,64739298.47,2943.621679168126,1330.9606037461917,1816.5656472986611,759.1870457742402,836.4113959882142,365.2756518367968,136.07905495936808,422.6520031703093,568.0724542597202,244.0026908847688,151.10168016750288,90.87208405482738,78.6940461336613,421.5459108161714,251.99558391611828,332.74780995999595,55297806.66,15485.079334465345,4405.908625866067,3728.918394219295,1377.7570574771,3408.6825231845514,2230.5619404528134,820.8916500844985,1963.4460426013936,1852.9998426690265,1275.3792168002067,1621.7812556787992,1607.0001841844723,929.5144755386428,1235.4338478171303,1184.2862869897003,1056.550333441363,72462462.00999999,6573.559995416226,4088.4874597380804,3958.6904154814956,1867.4649036541812,2851.8838990650274,1016.6073341710929,1129.3649749428132,1112.3199441465542,1239.5996568126293,1166.628247689923,1090.9426774854571,971.9360178515229,805.6269174345481,1064.0560593924033,788.3144590405848,552.8803855334463,2
21,72295798.67,6059.052839479013,2922.1361034906836,1696.8410996936052,963.9121245720808,1033.0029852875819,762.3599325395371,1621.2564397525482,2001.5036412177124,1545.508461057186,949.8369225337862,215.99576308155858,1255.2524378665123,318.46687788649035,86.8211290078174,777.0238786934473,268.57507971502895,68418337.75,5725.786723794488,1704.2251315572435,1855.1879434754426,991.6383093516687,1556.377400601381,830.0272070776285,1580.334514041207,1979.8433165176293,1422.9893679406798,1209.2121316522464,377.3661030649852,584.0264902933889,763.9271864938413,485.5947872838341,940.1395687625743,626.4550088393246,75716314.31,4210.238284430944,2933.024433924735,1830.4447562239175,1075.117156982179,1347.83307059874,531.0132103215095,1399.6642222755788,1802.5418768051418,1236.1495844960584,1063.3635790275696,440.23026504616286,488.01418018858135,466.36641123414535,362.39421772631897,863.6906280157413,621.3741049325962,77864227.97,5924.595345252991,2794.4098856516134,1758.1662237152282,443.3713721851885,960.2701668023656,1178.8096806379062,1232.2097335799508,1289.917192832236,1491.0238342589514,1026.323857710501,407.8994475106666,874.7915585426895,348.4154049794211,682.2768672212898,713.470575139163,430.5170142224512,61931256.2,5130.071711134091,3019.4360710909236,1605.157941873267,796.9796747542177,319.57059348426725,437.81072712343894,658.2097058478668,1424.082342602031,864.7552007187534,631.2340176879949,267.5807364556992,855.7825746966495,229.5923045381633,276.90931191569786,442.4240287009502,58.18676894514944,59550753.07,12851.449837930177,8155.258038934137,7075.395708237082,4484.956145269454,3795.9144188097334,3208.195746835986,2130.0503838059494,2028.7248805113147,1951.0934084355576,1390.376641241764,1476.1774452900047,1650.6759598244187,1093.6822990906512,1359.6517790208552,1104.474668111049,681.745742108909,55680176.42,3725.3557707040236,1249.1268868603868,1502.6841912284021,506.7663511680026,1416.4261194050125,107.41793156090223,1184.61181674986,1184.6500767007885,1019.6475987420449,1393.1085381979417,222.3195218128269,413.12274843722065,537.9078423700201,126.8572467869666,555.3361243361784,497.12899503485187,66669246.84,12336.425601274617,6112.740316369463,4140.782182443928,1638.5468333287033,1957.1256845221783,1969.09409959422,2212.8829541445148,2219.9939778448734,1676.4161252538252,222.86905824614888,982.3785802507265,1831.9202337451056,576.5016493755804,467.81746169366824,1228.4641367105544,999.4670053875764,46561619.68,67783.012324243,26190.142572907625,8080.393504050924,959.9704829914248,4574.448927286697,5608.808667192739,662.2773304351724,2869.377890617639,1391.9055319319298,1802.280258856246,1446.2100763658896,2148.635393473534,1431.5224506113989,1505.235854732268,1369.2736722440995,507.71337839956084,46717790.48,83748.63995280559,35716.902598831046,16769.569183844844,6327.489617644423,6148.57925792659,3356.1318875214747,2024.6960042759524,1399.1741002840092,1058.346255254406,3411.0524430510573,2870.4363096690863,2096.79722060465,1380.4824688655897,678.190080399447,1403.1697678784424,1826.8620053461175,55877922.43000001,94932.4710861509,49698.495098556894,19687.886594424082,7205.134675749253,7381.065524651409,11030.849861569146,9561.16720438069,7354.781507621674,5590.0479101328565,3668.677036216702,3911.179469368965,4506.758373513552,4514.6467999926,3916.4242494608607,3160.26764450695,2903.3700896440005,34488266.489999995,249536.79082056083,129073.5530318611,39463.77466039531,22464.6434878589,17004.609427440173,6716.028517291036,11903.050352170956,8576.188643449133,3123.7002769544088,5856.328605341907,6935.93506405431,4639.572635537645,2575.9006816842216,3974.85522015947,3428.3134142308168,1782.8952585864215,64726502.989999995,11960.714411940935,5010.12826451824,3015.6580001403004,1901.0733829400922,1893.9016001890031,1908.6034838880594,1526.5601663066097,2191.1795262603796,1229.96553077887,799.0064609803997,485.1185496701395,999.9765753085063,868.7803555104704,786.483872342073,775.9705029429764,488.4892717807393,55188864.87,80307.95140880626,42864.186706393215,20772.130993177972,10251.648548288695,10899.562148040248,10376.59597525383,8286.336357420189,7980.173646892221,7195.521606113835,4414.584991681447,4711.990969451157,5097.781010062442,4094.701200612589,3912.5141555794726,4029.7861933518852,3347.8174220130686,72396145.27,23554.911091227674,12671.781699664574,4543.843040930302,4574.25352487975,3636.086288463036,2997.5678520177053,2718.174644206443,3334.2189353304066,3075.106558179528,1620.1554293090671,1741.4725029524652,1963.905381739083,974.4270432199355,1543.9594251492954,1557.6985310885927,936.4531941200828,0
22,72278900.63,2423.871071264918,7859.394650088046,6479.807452123398,2339.8820972110307,1384.8642648262678,1565.3715047968137,1170.728979457767,1700.6838597769158,1802.3190255819027,1251.7532477910415,601.5786341819996,1566.1105808387265,513.8087323489095,1271.6945050219074,915.6291112613135,851.1827516570174,68405544.57,4160.33563316484,9178.787013801591,6664.6256431190095,2662.5282110944577,1767.5494578299097,1708.867149281241,1178.0745233183982,2140.9929053937735,1839.3562104628115,1288.227546569828,652.6092520127299,842.1328335061294,660.1877332879134,1492.7121051353502,754.5303075053656,958.9812602893213,75703640.95,4981.24714770796,6201.896532177348,5490.544801047178,1771.1977274383576,977.7716056810667,1310.1464865483993,427.8759543066397,1781.1562209116398,1842.9490700205447,1314.7318590507427,358.15456119715793,617.9882844465259,912.9253737393619,1245.537914452033,605.1391144466868,799.7010058728633,77844613.91,5520.020356876273,9670.235427103273,6689.0007704852505,2458.329077404585,1887.3849690155034,1726.6159379868404,1581.033452760833,1530.7432347258687,1650.020267795046,1393.2049543450921,642.2117879207046,1836.2795764405473,76.66961725963496,747.3972820128694,789.2334310399239,1042.1794244941748,61920074.29,1909.3147094458984,4810.064395348843,5063.387671707606,2237.6239243998616,704.300477031203,481.9229399275298,968.9530895803523,831.0730846737134,1205.2218642458047,1102.1516663081775,233.18632174931756,951.8670000317807,234.36668872137273,774.8181050745195,385.32042997521216,631.6708173714522,59506543.17,12012.360002787449,2685.0126858902795,11184.9377114802,5408.669776514998,1919.4413878657647,371.1622011248107,2928.602774581113,566.5425525661243,1438.5404630595278,1798.9005814650423,1397.3697210839316,923.2160164608288,765.7831553181749,1421.010044848548,725.7101398482729,913.4948455133574,55682066.03999999,2395.4345616827945,6464.051368269137,6173.509170321485,1856.1074020459284,858.8056772909289,1197.0287460163458,1022.4541403793812,1169.931431826322,1635.1083415886658,1392.4770367016292,412.3804242333592,796.4508909475122,665.6396740873098,1244.127158531886,648.349018584501,798.2162684932227,66608214.339999996,11146.517950140333,10594.732151686052,3520.0676684465784,418.66660215938197,1848.8502499551523,3754.11888498237,979.2132759445877,2807.2903226663157,3018.4571202950365,1927.9418449266584,1035.6189333810012,1463.6239038810006,677.5252786180836,892.7610153029675,1107.5973682710148,1239.844613281658,46797797.730000004,89884.01331234827,10709.514530405417,22257.801007821658,13201.84198971203,4580.0517972318285,7173.877052983524,8561.385618837028,3758.917595910879,4629.726695754608,4303.69406083994,4931.8972053709385,2220.306057428663,4410.885405500307,4535.483947016444,2710.362999469065,2153.4249575400204,47186408.66,90331.03638116863,22064.291564889125,34220.99392147773,23450.96165812159,13569.962764036218,10067.051696494013,15141.132895933166,7655.76230839986,8845.03366311778,7901.743583272277,7580.197582633029,4829.59815282426,6486.319799602532,6631.255184801197,4948.470360874151,4361.125798969065,55510240.56,54421.344873141265,33771.53916753614,12949.22271140389,6284.613442188409,7535.625229575608,7014.538801842526,2942.337175135665,2017.4592883320147,5402.152769824255,3646.872421534945,1175.860923529555,729.568503072395,1937.9422436808923,2049.9722016726614,1537.476324223018,1931.3030249084509,34815402.68,209797.98620385854,47574.19530010943,72161.46966821104,51770.46733420713,35167.77316832299,27397.075744802598,25162.907515326297,18991.454414884192,17135.9867684372,16313.11493363717,15640.310820349343,12676.788215660172,12950.1663039251,13756.984587706247,11018.225742273535,9941.326139264962,64629516.1,19050.47626108881,9015.817356691208,2386.5064064169615,1433.8741416507085,1240.4224011267036,1791.1065594036008,826.5318553712633,1534.4493542263574,2183.8610641040555,1327.9854361318205,537.0694748952793,961.273571365643,1503.2226481446162,1211.3829420717673,854.2585948497979,298.9458289417488,54992371.42999999,25759.12962936917,4650.053819280712,16485.69422960963,9380.820681626668,4234.761285404095,2839.0057629597054,6029.544682816563,2499.657747942957,2402.9587138664274,2632.169761167632,2884.0527847550698,1869.666859160976,1966.7740941461914,2489.5829033634955,1910.6031617555402,1758.3825875533344,72222591.99,49047.06941768106,22536.013422252217,8781.4070133846,8944.63100128968,8077.786792820138,5435.679974939845,4812.3110319524385,5234.989570552318,4901.532641187833,3629.550439485487,3657.7704816602345,3502.123712672961,2882.3523943424843,2094.69730607684,2772.748298098139,2614.409103586174,2
23,72275423.84,3136.853430926844,2927.5532762213916,710.4569454435424,1148.8293535069934,1244.1353255628862,1808.0791926795503,372.2003928251654,508.9327421728345,257.73768468035047,618.521397177006,763.9999038548335,1185.1490643015288,571.7241540782447,202.7537802406539,545.2879673886978,934.1173415292039,68386979.02,4650.299896697609,3714.381332633172,582.1933688787075,551.9929149512029,973.5964675591805,2460.9083082950474,637.5277545893379,1131.7104203024312,584.8105819951418,1185.1169627156232,1173.142280874453,301.41481449907485,581.2569487966135,109.30057687438541,714.028793850924,897.8029857207977,75693014.51,3114.0865709053414,2954.2729420477144,662.174067902889,760.8090482643238,689.877411966168,1923.8785026430248,460.14233963781,469.51644174239055,417.3964378544484,684.3890615087827,772.5462003527135,433.12970178879385,442.3642619012464,127.24956588796961,767.3786294953707,887.5684908134808,77821788.23,4512.122510970229,4178.028313544424,706.6895687733104,189.12587136415817,571.9119157587382,2054.323425484457,898.3921482618526,940.2132426869081,447.57254291078925,1193.1091242505531,648.821254104269,591.6758843422107,239.64613916056572,198.27785557145728,492.9341806374603,914.0677799572405,61912677.07000001,3689.242109294497,2965.59514382276,730.1391619060253,610.6505902838585,154.69497404803758,1291.9786372408314,601.1554913779564,268.11458040066094,268.08663371612965,662.0324520370305,461.0578820141224,654.5572687328945,335.72589431725663,166.66729717821696,525.8261676850668,750.5002601482571,59531161.620000005,4955.908242560159,5726.229749800575,1544.0865987512311,1101.3789547521476,234.91620535716538,2265.906718538753,1296.5621550987485,1002.1879529014816,557.724640753946,1217.9587461812228,654.1175375976464,209.7867661130968,563.6322129053488,336.7939569961982,659.5550771551226,834.1410351302674,55688149.75,2451.959363689766,1642.301396320516,1761.42109251378,908.3804790250452,1275.8680973071198,2226.0313747890573,196.53921571229026,146.0736737931591,779.1847248505643,401.2848910933968,684.689050072058,596.9057163054583,540.5122234118901,310.53577444044106,410.9565393015637,802.1786615298839,66551580.150000006,9714.588894135057,6525.842421226453,2355.921739038479,2009.3696366800807,1224.6201539472063,2526.1809492436564,1700.6258198520618,1541.763481147625,1021.9454247629391,1534.2920956150817,1034.133364549256,613.0686196813309,550.1598340995895,434.9670365293994,1016.4563946304698,1302.4859206281974,46779816.64,20743.24049341971,18646.83359192404,9999.047039766414,2364.8107938735266,3276.290196145178,6203.477620778839,1908.9131843268885,2099.4308594626873,1094.1394890176482,1141.2338304081802,1938.389900036704,1316.4608462162823,2366.6417657845395,1454.3135269074498,1100.7065693168306,1477.7236786135843,47236396.34,50585.85005724996,33437.673679257976,10269.111452188085,2696.235429443278,1754.124512477575,5727.898641207895,3295.4971414590073,2970.2766822297313,3567.8042749767396,3137.188075473755,2032.7298656983921,1034.3148724974776,692.13595213451,1206.5204814082438,2228.4080223630144,2308.9293699101695,55392724.59,34996.76428152451,36219.35255503217,15382.222130554526,7438.241813089609,8470.812535133855,8227.820783594194,6916.444888614455,6922.58518801624,5294.523787786261,5102.520411487144,4120.384203404079,2706.526550028988,2875.747212491896,2923.7267230095645,3355.5506944727963,3892.621664279908,35138655.56999999,79249.30339951214,47320.7226019567,43977.563022833216,15247.021751262586,5323.133356214335,5501.633490497548,6589.14720581195,2166.6477498787876,1093.2034973400653,910.6003611034164,250.1001967638918,2114.578687326402,928.8797755281521,1069.210872940787,1043.923435947973,653.7432413615076,64654086.6,7066.894220303449,2844.8946700138986,1324.4731867463786,1271.7121404700235,625.2154585012854,678.8491371587166,874.0127589627281,419.6125881704176,306.4201538422155,594.6516588864908,762.4928365962248,309.30777512174336,328.10928684877666,125.1010423327516,474.267193291655,621.5113382127038,55045855.480000004,26143.931685961146,20090.699556840063,9478.603469875294,6447.297483193704,2168.7078020870886,3182.555718099314,3762.8203739352693,3211.0604781915463,2928.9406002307296,2838.872317284893,1330.3084746348245,868.4077601249098,1364.6839679401076,1270.9661170091626,1835.999849204073,1889.0106035046522,72047329.22,5713.815939999235,8024.286443895462,2002.8006160099087,1478.0497805759512,599.7960985114446,1182.3075629006507,1233.1195895046244,896.9918458650509,476.65606528288043,1440.3417694254504,819.9534730676695,441.8448406332418,511.26868719688747,353.32986091823034,1049.8119966381685,1301.7402875059138,0
24,72265876.97,7513.3751300380945,2791.253958329593,1193.4205192875918,1154.898504691033,1580.49501801091,1632.4485976099045,290.4251750803488,170.94662016805,1048.6883639830703,657.0622851612791,688.7228380439901,672.0246009124502,573.0798227083822,310.6551951295241,359.301541169534,205.8523304085786,68368464.2,8315.918579393276,3049.269279110685,1431.7447704584843,595.9858053304104,1129.305850707274,697.0908581115507,572.4479701213331,406.5163431088724,501.15680611473203,389.7988279307832,720.4967753655567,278.5229540702393,337.9898422438743,209.29041893895382,303.19007936639144,154.8095246540312,75691938.35,4976.956490632593,1557.3499786636542,1116.0140181014854,1611.066856791104,1330.118119054142,238.3767583423362,71.62118753014647,544.8432839551722,1005.4012114131998,127.59231167803428,419.6589057543718,244.75662544937848,258.3472026949079,687.438694331568,329.55825962102733,266.4447716607917,77805622.46000001,3462.7963805248255,2748.9857893470175,1136.0969980461077,1045.309758934797,1439.8584347323626,978.7129204708078,858.5812251515699,161.1169593662464,699.79153306031,186.16531996588606,183.81812796986281,458.6421170202196,503.27727029670666,553.018334404399,163.33512927197236,454.61198452476117,61904888.81,6689.299635691888,1926.3314559106332,821.9004198101192,1435.766256692821,718.5284890015517,733.0848730942189,457.59996495507283,285.35810727111624,749.7969779824778,200.4084074031668,468.7938332348596,345.2125516929942,350.9397782408709,154.54114213559365,288.56680241427273,274.5491822832854,59518315.54,5234.945147176165,1708.5180153682543,1945.2477190330158,2456.710338603995,2037.9298094025594,831.6338328576121,1233.085445518944,574.4721169776167,1119.5202663096702,412.8451484220974,514.1189441413796,428.5059756777354,7.245828905706257,578.6877234590072,184.95989634787065,367.6506361501893,55705045.230000004,3660.762994917652,1925.46379374342,1625.3143277786469,2087.972315273252,1881.0573740787997,627.5350606443038,590.3887909031473,626.1169176331331,1198.7681883174148,507.70512165203036,358.1050726744825,139.84105391614682,285.4156600936183,642.0409223991975,324.6635523152059,202.49953896818354,66489168.589999996,12202.207308576175,6822.207484269661,3766.4556020626396,1375.6430978103253,1473.9551530924168,2269.8396123656794,1562.7261287189883,1117.4395467866805,700.0693634998464,1077.3053349486927,725.1502968583308,1249.688136200833,1081.273214906262,629.6688358546222,1097.6242709031912,576.1018191396271,46946713.2,18619.96753033079,9443.136812133045,10641.160159599143,4422.794442603973,5176.35790371973,1981.4291976272284,2839.8866259401384,1935.4302824696554,3044.415781015131,2864.1396982642495,1839.8728386147466,2220.9989252847085,1351.142525311098,2512.9620565762507,913.1590147535009,1491.1319128091777,47402621.27,38575.16665555338,20526.44989080096,16514.286074336404,9312.680592109664,9781.772554960558,4359.874705272082,5833.456151952001,3893.55279726942,5070.930213797553,4960.658310233355,2968.907916008145,4572.343259454627,2540.8668617770577,3665.1354829116594,2299.7231823076218,2823.032714008029,55380004.79000001,42249.01154362697,19982.400754437123,17353.132683811997,12075.273556613702,9825.062101805712,9127.954178430058,5791.885194235663,4663.488277666466,5644.970389505952,4638.576157836877,2859.9749048319154,2864.7997941630397,3940.7602557960718,3739.527148466032,2834.2499296978785,2669.620630624568,35707467.23,87311.69616071566,60051.09632460082,33571.73004141743,26238.58344224133,19307.86900051651,17459.66310822461,14785.48110434249,13653.951673337433,11799.777924602307,9271.30295634981,8385.58523186706,6884.6770880913955,7727.646147694545,7155.758249843569,7002.242209589073,6251.386404592915,64637094.769999996,5054.456777234692,3126.165204274829,1694.8233742759278,1717.808448715114,1380.3250837499058,435.50941851298626,765.5484101789992,393.7108016909135,1072.48489393505,470.96986601757834,561.0307458351425,500.96113048135845,386.6815573684335,374.0849815765415,194.23400417810956,91.61153141336796,55006682.349999994,27835.46688684769,7967.026229517284,6947.09007694568,5501.4682705549085,4580.653151796633,2877.075825287433,2523.822428587453,1807.0249150615518,2197.7288880539504,2042.8581826750853,1427.405709171527,1678.4509808248467,1193.8456208507596,1297.7569442648808,1055.16578984263,1354.6189951662138,72046382.26,3050.944915583291,1184.34782587502,1509.9558001302617,2020.1786096168616,1520.2798995820458,733.9537327569891,519.4051356682434,669.3070972002874,1577.1280279952637,327.8102267454695,346.33317223498665,242.45509967614475,223.6116040106483,700.981055204218,129.44308953867764,184.41014669971807,2
25,72250973.12,324.4884186874568,833.134703106573,2432.52855878788,927.5984670982751,516.0374352266849,737.5510798237409,382.08067877151035,773.9648770065892,718.015528228987,1334.0644576426105,478.5675199640265,777.6961700846427,1186.4748602815246,511.101064058317,390.71486035712655,695.2127555190627,68338996.72,4206.35605141535,2649.2917256385667,2346.4413382615453,1135.6285327948783,1681.7876245315956,1418.8560597574556,526.7220032568102,858.7340169101577,880.5640312963737,1634.2992180083986,550.9559312669359,656.5651033584156,923.1740556179941,686.7813969539591,427.56876091280407,1062.714374437348,75686148.93,1511.9116049616273,1267.1045744818641,2493.330838317043,759.9829350435263,1331.543639928152,470.754941914802,113.30612427374557,419.1452027157323,904.6426453982428,1135.1384641886546,531.6274313498526,403.6639780268073,269.91607143560236,618.414529821044,693.4280535536658,788.6995516722153,77801841.72999999,1174.6403567653679,1051.1425157944877,2670.1594359577075,771.8773846510494,816.44581179317,1022.8592706962563,366.9995370804074,559.5073556462739,454.1349133191624,1157.612540561096,312.1904503532365,641.8265570323106,1115.8965405962301,518.5076610845924,279.3546077331129,816.3760803578581,61891183.53,478.0550709549065,1819.789471079378,1935.988439003704,751.4045056602409,734.8646773030839,484.96870571631877,564.0936100559037,352.89180231089426,224.25661454088433,1244.7192217431466,489.17154167868284,561.1893173783997,1012.0095116919433,291.7683367186172,594.1642982573081,586.7759207490362,59526461.43,5395.870311330224,3921.101969089555,1594.9885573693266,2169.362006876892,1736.2421128570809,1439.2959406192958,1076.2731713108908,843.2882789403807,399.6708875655351,1543.0381450401128,692.003852997857,802.853840252966,1278.4797298334615,359.0664885017604,647.6238012424844,925.7743439417872,55714900.52,4030.8460012125884,906.6137182177375,2779.4574280388697,1393.2621782339772,679.234615257025,161.13659115865428,655.3651567882782,416.81910262691076,593.6497413239744,824.0571292581504,225.83280046728822,389.3229252065222,677.8768130269578,335.56716948969836,345.45168991411254,628.6404915685637,66424226.220000006,6137.200287966043,5264.3042943452165,4405.262067082946,1684.9149854806349,1870.723854269648,1374.927725765402,723.9568900087485,952.988304380296,1218.7137885155373,2712.243405112012,1038.8059263433427,1042.3160707593383,875.2867425990335,934.7650712790811,470.49422544429285,1214.7996504813539,46866491.870000005,34048.75882638666,26442.11571330966,11571.06949392732,4316.430526076104,1828.4311819099444,1735.216924683515,2479.4600862808843,1324.4499500422214,2210.3196805459556,2518.712033670956,461.1023046425911,1421.333182305295,1223.7180031436233,781.2462692450157,1237.5991802629544,1414.6995999136618,47312564.76,33672.41745760928,29586.190614896095,15742.695397629228,4710.1962749934455,2234.3343819962806,2119.542992726186,4004.7025101054846,2456.114681322402,2982.2729164471016,3312.595568638591,463.36564633732127,2410.982915722356,2607.173528135532,894.7446117994566,2092.2705430990004,1682.5262161184046,55408494.75,44625.08389171213,30923.521757708397,14564.33541455818,9021.086207955947,8576.183684418946,6075.66722439667,5859.653778934988,5513.271778800099,4776.364096250556,5436.149950194687,3388.4172909876534,2924.692443003779,4747.1085309401715,3098.889086347891,3182.616954536593,3386.0692484329766,35399739.230000004,121290.32776278086,122386.99406858205,66721.14698276436,18146.366478917374,24488.44100516863,23862.755692134928,19937.227110048665,14774.334712080159,12488.115080330652,12556.011398933226,10642.643142415072,8773.844280628922,8382.458518222918,8602.160883929848,7842.66522539318,7142.300817248074,64632818.85,3182.6547911462035,2010.4490938848364,771.4611439770722,2823.330798527122,859.8276045239285,372.5025045691551,657.9271340384691,291.31444002361104,411.8719038406891,1076.5325276565293,317.39989478153365,483.3422681450489,605.1734451852994,347.2536251370263,644.6474976459727,572.059670702655,55001265.82,19499.9315111579,18906.306747996805,10193.269087042656,6515.819090116562,3793.523607292175,3553.0146703382816,3159.4079528087345,2023.1663041481374,2085.8184434208893,3128.919399977236,2041.7876724825405,2480.9559811766617,2160.9802583017317,1328.244507000225,1397.5867376938684,1430.4516673002074,72048250.43,3013.719492209014,1842.0201003750938,2044.6661941575267,186.6060557064581,1338.6940936808926,944.8705348332202,650.4767118131912,358.2238368271078,303.58152992151423,1323.5151543969312,407.7092566992316,264.0585667828813,755.328245617608,238.9434209032088,564.9553180515101,560.7964589306991,0
26,72233993.77,1348.6383061453726,2915.644625174771,2728.929684669736,2658.321759302639,529.2275948039289,1305.453993956186,1259.9094215331147,948.0619856196037,369.8618802022637,593.7676550723722,467.4487905028336,872.9992682868955,495.7635869121055,92.14408117859547,417.7215408858397,424.8690989638376,68312875.99,1337.253271596999,3087.1405158081466,2332.843778709011,2763.198718570493,216.01219924878816,1240.6428754414371,1286.7719028607464,818.4574951444058,596.183465066888,999.5471808055437,685.9896538585498,455.88893752701773,148.31876554009662,241.20740077254658,658.8923998117758,408.31861104282643,75672138.63,599.690932621936,2620.2633284467965,2168.9952603538886,1989.5803796971472,60.9246866653096,947.947947536191,1235.6429279247823,762.832275845933,389.2378629432881,490.7285107851573,568.5215170292048,748.8588470539343,476.4211158102496,496.8730924483634,303.7309040756759,249.59497543385677,77787338.94,1520.409989943451,2253.8178375602656,1707.7804888026462,2394.4363512333803,334.19907862734715,611.0946789049476,1156.4277834991797,928.1553550394741,219.05031048787788,605.1268104243254,196.56859622343114,438.04238224879236,143.26192871007765,179.6058359681806,323.8960525897708,458.1898045116874,61874502.36,1604.902111031676,2180.047885666572,1693.6521139517617,1542.1347978199467,403.31622055712256,1061.4740584022124,768.208935825301,833.4299951338462,114.297901412321,321.64986312593794,235.8634318695395,607.9700773824652,479.1634646633523,124.97078670622766,571.3685338493624,363.1593194980981,59493342.3,5500.5570037091675,3909.445768734217,1686.091681479968,1666.5339312603837,312.88201849462706,1555.9210604078535,959.3976574138294,584.880696164034,189.8028276015367,361.1426015325544,525.7174791124477,361.90752943046004,119.50182212626572,394.2008145257417,313.2723433518271,421.4551035449678,55720229.449999996,1705.567519156224,2709.4266418978436,1277.889795784164,1710.0837209910935,445.310363191596,1285.4144438148155,605.5705092689726,623.9076605781869,242.20259148820176,1048.7042173889417,168.11810599049565,522.8860434449155,370.8066500309545,61.11748357295337,162.83230520189954,237.70194139475242,66377265.57000001,2942.834161312538,2004.1930848874242,2552.632618571182,3482.920538563692,704.1165219214321,1664.546586527115,1828.041293925565,1379.860118198778,495.7744889566848,397.022388700636,1214.6272591884342,835.6669172010309,292.97547682635405,697.3839520494406,641.9661873987972,333.6742420380705,46934985.6,39235.54175055755,18408.259019968456,8814.625192944539,3166.0528299065572,1841.8185605921437,2013.7926634795974,701.2717675600264,483.4008814176922,781.8405591799881,91.91318625387122,212.9508599870739,140.80337947357665,580.1902668814041,322.01426114564464,691.1115825442974,564.1248274653917,47406942.5,50377.487663848,30144.95232855173,13291.961363727072,6492.220979357597,1635.9727278706423,4490.100611275137,1229.9766114756626,1188.3677734419641,472.00543808296374,521.9140053714924,691.7523959980612,1078.7543202154434,697.1800158830471,386.38034623307476,761.7241457492333,565.2137738814978,55309801.42,53490.60957486659,14329.84462856771,7218.296094035378,5122.326911437298,941.9296982583791,5611.952522115666,1283.0567060383316,957.0398615999447,301.0544957546152,394.747913999007,325.63596768125365,1050.212434952573,634.8617486068648,399.7974781208283,467.0293424909032,453.33483174978085,35786923.06,186275.04545888735,68924.90687614596,10707.36991908783,11594.294722536632,17139.308626070855,14539.773600208728,15053.585185413414,11590.57218876055,5918.492352481969,6960.081401655789,4845.220712914023,7725.26450507148,11276.136987738919,7441.172471851146,7066.091391026103,5926.089189230738,64587781.230000004,6916.768073447686,4746.377975146452,3110.1496196293606,2684.7898732439207,2059.077683764682,1462.8304724774532,1174.6066473146525,1248.0540633830458,916.8919693385265,1087.0183020154375,810.5548540175257,633.675383015816,602.840440676634,21.03980594097456,477.790632653118,437.15827114458955,54949224.93,24031.159402125588,6465.369606327065,1775.9467570622794,1384.8825885283047,1453.9851274407,1663.3978397151466,1361.4741660864884,895.5155674836943,573.8170496154409,252.76522212113187,649.1560589793468,737.6706450108632,686.9376488451193,358.4824518037239,533.9324233275386,320.84636595231615,72008516.11,5246.969337498958,2640.5004142098005,3758.521144991594,3086.4021627722204,1169.652767320471,1066.2143224038532,1636.4120628219582,1456.4186775513783,670.3605717044613,632.0096691071334,621.2538090245238,395.3715357559682,982.9781559359637,571.4774305304848,828.118986366589,793.4769151068772,2
27,72215556.69,1389.9677078259342,2478.260090253401,1007.0536349789983,1052.3058284288381,421.3231981653546,916.3232550212065,1799.5933826082994,703.4307189464672,499.7070031691641,485.0304814437845,696.4622898197231,477.83453459017113,862.6978186793868,744.7261164283024,396.79101033014484,505.2979198887893,68279705.51,4254.0374305584155,4926.928719055944,1855.8501924514298,2056.040256728186,170.8930089356868,1180.7744362834114,1103.1292595663222,1802.0072176751503,1385.0785149757317,214.01042923231196,192.72108131263022,653.7493271430565,626.7183187357175,1140.2015975995184,762.8993091519555,589.0886794082314,75663095.22999999,1867.1007963313239,3216.2205173430157,991.2552982678764,1209.125312531777,993.2499486833668,1067.4295660761436,1008.3346723053653,701.9163928370244,1058.882955289352,194.34447277805222,548.7981385196648,704.9661885330771,727.4386366409551,1124.1183934952735,646.9156300076277,572.1276039985129,77767312.65,1467.2452955735216,2563.7347865850443,520.7992905992335,1788.2629697350549,661.5706958150762,1015.8151310505494,1520.5290738972872,693.3163781271243,754.1464547352646,268.6621138645949,191.0883246124918,580.2027580450648,850.6932409575724,677.9199373588532,364.18325872908997,270.7813259216466,61861055.61,709.2922335114506,1858.7183765003895,153.08316776372516,1169.5369025175505,520.5332392754136,136.9783877992483,920.1514447528457,223.64121446161113,551.7380700580105,107.89047704238813,276.8154609003709,255.69273947436892,499.77411790665917,838.0842824880402,221.8296681166333,568.6216747613853,59450343.370000005,13669.06272801043,3423.3922746865405,2285.856024472435,430.868188036796,1492.3558173305237,1256.698751631539,1875.6414054567501,113.11676464601078,363.0138326237071,619.986444925191,598.7020762623306,239.00972275375108,293.39652895224674,526.4445649020062,587.0952189780338,282.11413028140566,55727610.86,3866.262563804576,911.8431050162491,1431.7743783179978,405.832408225782,1460.1502456896258,736.9738758820997,1903.545441777519,333.63687581406396,619.4385755308665,275.455274366603,684.7699958072319,287.33038756228757,875.386367599321,490.6759616286202,173.52676031012163,474.19058071832944,66353271.72,1442.2001836720885,3522.2341146542985,259.45427702853954,1343.0807096033038,879.8879395408492,1025.0595635824047,1615.7024283111657,695.1464617214373,1354.2537566752192,37.658942880404986,423.63351331499183,595.4253083420774,1019.5263785268581,989.7826448475286,849.9769494222007,398.62793223503866,47018335.53,27702.38148221307,19337.742611343463,14532.798606300541,10714.958792849111,9615.283327058845,8058.701019075729,4942.566353072169,3653.529217284052,4107.639494065861,4403.821788252537,3956.4254253952054,2555.686885338648,2323.0883936839855,1813.8711621742186,2616.151268260597,2818.584939427916,47558520.62,57911.03958157077,39764.47096506445,26025.7258988558,19060.32532903332,16149.899074174646,13026.936322965706,9440.384402016176,7639.106952219438,7763.666162428486,8161.291986877626,6819.386420579082,5628.478003542736,4301.070479869136,4138.26460349536,4552.557445129808,4856.774584944194,55276747.96,49881.672577667385,23749.81490133386,12402.980423060228,9442.691231082244,9064.112445388193,8517.653125571038,4529.326962758663,3051.498398453961,3105.627314099946,3947.007342313739,3520.153771528918,2325.165267111139,2881.5683154443086,1680.1348309106036,2080.934216945701,2455.241831495017,36500170.480000004,211668.88546198976,111008.05488709256,73722.6903252249,56139.832988750735,43576.497486554545,42465.24735394208,23906.815370268596,24445.879357659956,24247.43800783581,20321.355114443628,22318.16459974359,18091.809100013583,19928.76930583183,12052.04691774737,12421.360571841426,12365.511506838524,64564736.629999995,7686.934002272584,2027.0426489430624,649.8410680683747,250.38176018151324,893.8217876771744,421.8152811377597,281.3832272255709,190.3250599091139,506.6780375876462,303.01904242241403,338.6574446396924,291.8670290272406,23.43748061931141,798.0516461599669,174.93903867234582,657.3620084737461,54924059.83,31154.11693539825,10301.509257841031,7326.47375078589,4180.685231853814,5223.321362631586,3342.3644637085963,4284.773417446949,2284.3803518771138,2079.8364865356716,2307.470431890262,2039.5269120466694,1740.108125603846,883.5595732296464,1448.2124816255944,1668.4539509522872,1312.9581728731057,71979645.88999999,1617.049540751511,2501.3170713293657,429.1585627344119,1794.3915653151012,313.3685466481621,621.3061454512591,912.4638441703846,336.02103615623395,1026.4987613404323,698.6397936048911,29.44966663077102,745.9534088549644,608.6684859144609,705.4335178576298,416.4442739827514,320.72140539445223,0
28,72199847.16,6957.273299788975,3562.731219630928,2692.9852013695186,2587.6874401608275,1114.5785899384198,1055.236622799679,798.1190369054738,980.2437883517387,504.34013899183196,1093.6003282789436,1043.0550694298654,1112.4893830995607,912.172804572011,531.5579527159637,292.6154109178018,160.3961084405691,68247458.24000001,8954.4496471885,3451.971968626384,2546.72839459556,2931.3124362995277,592.8480405527213,1179.4760980039382,538.7622558524504,1212.585902365214,484.04176952139096,1300.3324031110135,1142.8726630532997,834.7826822673891,1484.9578515573362,603.6548676807969,482.95568950468316,139.62514449865017,75648914.66,6368.988043795834,2587.5436625676443,1999.06940201444,1528.8838817695903,486.81373886453775,680.5072857801846,371.37008019588825,990.2427889047744,743.4129426199914,908.8973035795377,901.5674228004406,478.53187486823543,1317.7729220815902,783.7879005109048,516.1510571175535,605.4858525362994,77755890.59,5912.74918591974,3253.260600933271,2606.7107310306947,1765.623250856626,654.0475270896603,753.2561710686203,1193.737037514085,685.8322959057928,541.659956307324,1200.724309608857,449.13371446168327,629.1447087849008,665.0378057227424,180.7483915735128,302.450462066432,77.01534200685742,61849424.76,5701.541477181035,2347.941855893407,2771.7702848676045,1454.0092958789244,993.9251219312221,763.4732868455419,529.7202878075641,698.6794868488992,485.1520285115969,594.616161547345,536.0934303053363,667.9564497412758,526.4759307943967,165.7037685464802,147.74129297008471,123.953345216828,59481697.93,2656.4449049051245,1575.5831809389815,1202.0398052650824,1105.947035571327,1111.338615940652,636.6695941726158,1308.2818506384324,426.72139330496555,582.9777815197432,662.8782655648963,195.79032488391672,356.90002434472797,339.6671330066282,226.8510443650616,556.2352923632316,181.02132181425782,55728083.05,4336.557645022155,1829.289096123229,2639.9150724394653,1077.2620556162085,418.5591544185353,541.1318467372814,597.5320384649964,802.7530319628675,681.0016103798878,970.9314949665991,898.942740509237,292.3267383703899,644.0056051609675,528.4463290905586,420.8904145302982,291.64364636943856,66311186.74,12895.152160601974,6474.221722590867,5108.700929964191,2897.981009793695,1402.2962708241578,1144.0697957686077,624.3386694649535,1807.8225667068102,521.9759671097597,2256.5605371779175,1758.209376940758,1945.6568335828008,1852.2067836382269,1013.7786413318006,539.8918331571522,403.92433476014037,47000662.48,35618.54944718246,6648.835492654198,236.46444072851367,836.0845745236835,2069.811851563082,2411.9493165529684,1263.1178493092982,257.84584650508066,1164.9157937212233,347.7732080630194,203.96851419569902,1459.7490828007915,621.8538632467958,311.2616268062192,529.8168928933424,500.30305763479987,47599586.05,30167.125544306728,8384.153827722088,2329.9818910138256,2718.841818511215,1591.584943638151,2151.130682000038,588.3194532527716,626.3603508388225,649.7223322708099,358.9036435910427,96.88734629757025,493.9015217821278,785.3793342565255,280.28267903806267,340.090504663519,302.80691368665407,55305268.28999999,41378.69091473109,9546.604978739086,4133.994216991569,4560.021268270857,1500.0194341687068,2500.838894888711,1289.6218530635483,187.70980127815147,346.4705156140754,376.54314274053866,784.6566134160566,1077.089327126742,694.929595228097,592.389910122677,167.30254690413418,354.16202302974045,36498575.52,111078.19508762662,49159.973723767245,15822.985933781461,7142.3523037760115,7622.64039754905,9183.128613698955,13878.288026438478,7978.682181416968,2385.7057681313045,7066.082431703005,6781.663324344752,468.85161717516246,4315.080667233863,3501.0521668226625,3739.607662816023,4224.442221108299,64570712.49,1941.1080668007405,853.7341848590739,1155.6028906410174,1720.92074696988,684.1594832351562,953.8358024723663,620.833909818359,325.56674479132374,373.481953888722,205.38937753680372,343.50563295253653,244.0735726368432,321.60589585116793,51.161650094321054,175.79422497349807,181.47293269973719,54970404.32,9829.100974611656,3935.948118279599,944.0896225722145,932.3293997792803,423.2671232775035,473.0509125808062,551.9361672279065,537.1447001203866,230.4390101256535,506.8427462856757,201.49691215603937,324.3609780202507,276.1388082180119,100.45048259534991,493.7301356368302,175.1156912287426,71952098.8,8842.657105372673,3743.4430107396915,3896.016250669166,2179.780721143716,1597.5501620226037,2058.9214512503527,610.8743248758436,1117.4115313771276,430.204733315903,1025.5357184926668,855.5056318659944,397.38893602384826,600.1643995175549,440.24643701143276,101.69086521662118,242.9530662808974,1
29,72186883.33,1768.3601786300405,1976.6840476612913,2315.855155587367,1236.2008721063237,1235.9215161332784,1340.1167478340312,184.9129157848757,349.3519844785652,973.6176532616475,1100.4840711037086,427.84932920316265,582.8912374727985,1088.5276240150242,940.5365532965756,875.4728795951082,416.9536950689343,68236135.28999999,2271.60136597515,2015.7393989300572,2576.082254849706,1444.049752806314,1313.2927264651075,1450.2459529944142,1266.372657000458,336.2922163418841,1445.820931463849,1363.424952821542,927.3322231127562,857.8570410379996,1128.0993428308293,781.6614453718953,1184.2831418139751,793.5457678049167,75652459.07000001,2849.0973475702663,728.9764910050959,2213.5044680583455,1220.9460713922078,872.2080588036175,851.4526503721697,995.7329620004972,757.0524418642354,1558.399979451544,1508.8681527465972,859.6739780764858,656.5442744530633,1169.3072827161739,1111.981247363469,1218.2987444141663,817.2988495526184,77741187.47,2788.4370921441314,2340.604944569112,1768.4025728309289,1270.1943209635083,932.3403570205528,490.52436791482165,356.2398860384214,718.90927147075,490.9559761542105,157.85924113356035,283.6579337660422,521.8441171106846,900.666886177713,405.3837580434502,376.2336009298683,281.91878648693745,61841038.629999995,1903.150911216653,1696.9336469954217,1974.6284363628852,1143.2519081435673,434.13741748245735,742.6523809510371,175.73901804580285,146.20744647063486,604.0088523275135,541.8723583294018,107.41578547790998,279.2850419241379,688.1212006462665,570.6863508685033,399.7867826275358,100.95800293765568,59481777.97,2577.0834375881013,658.6233170498679,917.1005170729289,827.8133946415037,1008.1225841651664,944.0040921776701,480.1290059487672,630.8529607074383,463.8196642770477,414.3017843123878,270.8019219860141,395.84040250523304,1006.5172898899243,492.59289160750274,283.0813086805977,354.9069496000706,55742088.150000006,3760.833716788271,76.00422623939095,1972.1969254802354,974.6515673902558,949.1936419203134,1210.8908206079204,1399.193339295047,413.0066675559927,1324.0898611551427,940.0039579091755,568.3257450234294,291.77634363315633,1564.9593639770706,1147.6538323068912,838.1158530820135,424.8308124271456,66267184.53,3866.637115343355,4890.8392338723415,3703.9168657813043,2478.1997177867647,2088.1284012618607,1731.094404483067,858.5700744532435,590.5728444650061,973.0735805522913,920.3190258748015,1206.6450223320992,1252.7032863285233,1114.9567457405392,1040.643941915038,995.416891483087,1092.0569257281777,47114933.269999996,7152.218396767485,4488.542848147991,5617.096031928278,4979.446270049172,5670.484634750151,7308.386067259034,2803.3052416929604,2757.4656328931956,1439.1075006537515,834.4868494254152,663.2991893884924,1158.2114668230377,2891.7912225765317,1975.0208072307767,1552.474744052282,1207.8052062419163,47631600.980000004,13776.825935579232,4786.599566012675,6560.707790897062,3961.57711328119,4130.8705926281,4722.118431378068,1233.6683155760725,1887.808007910954,1837.527495407066,1338.8455083020474,786.4213073723294,321.7324664985409,1099.2999618991184,875.7161270802566,522.0159050531938,836.5639921482093,55459308.95,20750.931166981634,10134.611056214848,5739.6255062626715,4438.04833888674,3090.479082600248,3934.301308320519,4542.476935659579,3951.9449057834386,3514.285311835081,3299.778775757922,2682.769003321593,2188.0320972810864,4131.16491694165,2547.4078350261047,2204.671616421168,1412.8605871680354,36474118.03,31438.950874483482,18682.584294762204,15079.790661572939,10107.590845355187,6825.010891793587,26913.002296075494,7870.887983860983,1858.3811871800594,1296.460324644402,5627.008505690202,756.9005715276054,5751.10941767617,7084.146917945734,6412.433653248363,3943.6465591270976,3772.8582576275307,64565241.269999996,2448.5699798474648,1482.7183993773838,1662.0224364566038,1615.5942515360018,999.2835329035269,917.6443904119011,703.7933242206077,695.5958490658205,255.82158108909613,768.4162951979506,216.85609209214726,127.42412312795673,572.159004301148,344.9433053722105,448.76177985558076,238.79518039402666,54992777.17,4199.220792817081,1024.355691241286,1146.5880395970596,103.14145224321878,971.6184926594607,1043.8468864143686,699.3734084466945,303.12029553652127,865.7652521478111,230.02847049200358,278.784145103978,32.07491085804677,1027.3576311352763,559.5737423519104,218.87766156781151,187.1087835409366,71933856.13999999,3919.789741404956,1783.5208006655378,2703.0286020510584,973.6919342726351,324.85509491226946,213.44022774959313,733.391118854422,699.5837368792475,518.5689331682015,315.76665628782575,149.86999489662273,653.9029616889984,860.1976790059506,437.9835922636655,276.05198902231234,372.86349826373544,0
30,72176478.58,5696.76138452017,1823.7595275472852,2806.8361349141915,2819.2100233493566,1286.4359747509168,661.4902089059871,831.2142266932467,1341.0867067565705,640.1095263839236,1137.0103307976965,584.8035237890862,324.81866708005055,595.2812028316928,618.6597381141133,266.3361366835431,762.4812248244252,68215730.44,7287.89512986754,1266.3979395331048,2482.9569436413453,2838.36518081816,1146.7045224801423,604.9513651264855,479.6600132182832,1569.697232496934,607.6959999376054,792.2234870975004,315.6660902050468,351.42735339440867,480.1610742641445,474.603317385818,277.0205653656301,1061.0841570989503,75656316.55,3869.003000791697,1202.3016304423215,2887.283666825318,2143.4607875276724,727.0975295190932,427.05194097210017,808.8495430012367,1531.9987606174311,489.510950462179,659.8613407152028,244.2272354398953,253.97182427245514,544.8652672335503,635.365283009361,71.23460261310437,407.8257303541476,77728778.57,5500.271275019641,1548.634112676002,2722.1325891310253,2129.0276030856453,1023.2717281612651,844.9500506763204,948.7427306782959,796.4908576028962,530.8023986808045,428.6723837903562,658.1728957264271,570.4004832735233,443.9997483585757,458.29047483826724,34.901918439698946,377.26503418111855,61832619.99,4717.599201864461,1113.791114842321,1896.290797479638,1904.2904423399098,796.9939333932649,584.7848804822388,773.4367185070719,504.1780409576083,710.7473711691903,580.7131035352033,334.31069201034484,418.5263847242629,598.56903449138,580.5108771520432,257.89796320062624,276.7159578524179,59484377.78,3607.647591614986,1122.6329105326083,2106.67031979559,1397.7530697521624,675.6533637677384,430.9633538038918,903.423263323741,416.399761152174,890.5561501620149,159.07837462763118,610.6621646440265,574.2643776088283,378.5145772305876,110.24376453687428,258.902983223724,210.98964140721955,55746208.78,4290.6245728028725,1052.4518273554359,2629.0270685923515,2132.003849760111,881.0524069329515,208.73260076497604,704.2511616817291,812.5315583926084,754.2336429882916,516.962199315029,439.6455540637928,336.5629312309176,499.28227193452574,336.19694663505754,272.785982902523,485.8651226971384,66227127.19,13274.846731165673,5487.24945194599,1961.8144618801045,3616.7865924000935,2944.3245256026694,2461.0060626551426,397.06894430724066,2014.1232596432433,664.1420567814165,1304.607809669381,726.8283009665519,454.01368968226546,727.0832790666695,1104.0894399486244,310.0390819063183,1235.9587059950495,47044648.79000001,19828.94298819421,3340.5699572572926,3830.9833004675816,4864.355257386748,2283.4119577942934,1834.2296568204372,1882.1181281182141,1998.3080448869398,2857.527197228175,2361.58070347242,637.2897384670163,936.192888428161,685.9835287496313,1105.3472946054812,1281.9481424938192,676.6908651862028,47513526.19,46109.96564551986,13553.921557329586,4670.12612184416,9957.680304484215,6362.546043645343,4609.6185658825925,3362.219918750682,3082.4904417534494,4987.72087304274,3274.742787538194,1571.981035534672,2873.7111951785632,1414.734878789533,2394.7913526111065,2576.991079292249,1235.1588120273902,55516018.18,8883.791810945853,2539.2175628865134,4637.147252756733,2746.060605853665,1586.0141957958597,931.839065954727,860.0312225898255,1478.92660062197,1051.565296265186,1732.7216952736119,828.5647913583075,726.5333441286537,1248.1026455131075,493.76553807837746,367.29530696211157,443.8116826038562,36062271.54000001,166703.6987952094,83797.60917782749,32513.23811966383,30378.563587660185,26423.744701667652,25205.65288493105,16186.967173268622,16028.805842010486,14242.46153205661,13036.963130730826,10561.272338765437,9356.619816383678,9099.958976109696,8412.233289121636,7760.456396853823,7760.30752849883,64554833.29000001,5119.511668453603,437.0625900992381,975.5875993246754,1523.70135546927,411.892363988253,1017.9301595716908,666.6739472729947,775.8820188332585,402.4431275558888,831.4938074493294,272.1670707461824,243.90835959518938,197.5983799522765,594.502238155208,306.98108333917884,330.3038243759621,55017467.39,4595.022914240557,2351.7797292250752,3453.3347876304483,887.7852109321753,548.3450507962579,606.8524612736973,1593.0788396886376,279.4877496306842,851.5186898111816,703.7593631917523,949.7313178255949,598.9873731126212,469.4695727394711,323.83367748758116,398.23869322930045,229.66450052024177,71909335.84,5718.617658043353,1896.4569306542883,1827.5823018075084,2077.089374046762,1007.9551790697918,1059.3121200291775,835.3747908651029,777.3729542789241,681.3156955677904,649.0159130521675,260.92814345421425,432.38900511922816,246.19521818938605,534.131826679031,346.68856704186385,372.7108045113002,2
31,72153904.24000001,2238.006393786361,1798.7296830772498,1844.2557701822386,930.0733515862562,819.4300009605638,1241.6318400842936,1018.1429614172998,1254.0237246023678,572.8784992245944,643.0054830459771,554.1928142788734,839.9245916770963,264.5314350131875,207.56231934911352,229.2708437156035,386.04618953395953,68187855.77000001,4199.2543808833,2971.044056998939,2524.6662897771807,1224.7176181338614,1337.0877609571285,1773.2353901830015,418.500494557808,1273.965791807145,974.205483346968,605.7156179015965,687.9385328484648,985.7122462042595,864.1216810309609,89.14326611037411,586.3681482133115,461.05320727109813,75654139.99000001,3557.460999757185,1576.2830463269308,634.2438654988385,1308.4057129988169,491.2246513685038,1271.5722017496184,652.8500296332438,1345.041283779233,557.665016872804,1158.1565540500592,839.0918481260776,434.17407925568665,1119.4186622522934,373.06641820770136,627.6125762459042,405.2595238716888,77712607.22,1607.9483529235847,1373.0034892120175,1247.7002775624533,792.4148522885739,946.9839151786316,787.2564892380002,1216.0508510364339,805.248112199749,802.3890051041398,321.15398538777134,492.41908410884747,814.6141781916143,180.85000775604124,293.34785349862676,307.71003872401894,210.01606612643872,61819521.120000005,1899.0733624869113,956.8861173055764,735.0512285837999,1095.9671944123274,427.15783473008673,1079.8876199209985,480.248183445704,339.40555284606717,488.4662058538546,441.1939389531256,122.49942677395815,502.9837113588814,435.19149917814593,294.0894895086274,525.7663601496645,287.94604107211075,59474287.1,792.387814011644,1604.7063385560386,393.17348827427816,620.8688418203229,1054.487924205338,496.3435341150032,1265.172156485149,348.21485846815403,741.5923081309082,149.30878061372195,259.6212152012431,867.0159375501474,507.2550261501409,88.2767708189231,433.4969816551937,155.72482814235096,55747341.78,3794.69181220264,1280.8392201850756,973.0856388022275,1549.9479190399697,491.23819636028196,874.0913357931299,472.52297483014956,967.2225087840103,241.0227161895776,962.7210335632697,363.7742142250028,600.2870761088748,724.6115565667263,558.3940350192884,306.8632035441955,606.3863390743887,66159705.029999994,8478.761083288677,4808.674088412453,2891.0586125918885,2598.1228021119587,2366.738123662861,1337.773465475132,2094.4680207638253,517.0068264580992,1580.9409144216104,401.4403192571265,1000.422440352357,1861.9258132247007,895.4537523535263,180.52860993502216,1004.887240749417,395.68515054010425,47026063.599999994,8589.813029631601,2337.3522893378545,2576.904802477654,2086.6016191970116,1951.2691099494464,4647.6889722322985,1185.1330465473472,2897.0146535386316,973.0851701670971,2731.951282284372,1642.8025391943274,1302.969987644734,2053.6304914370517,1382.9014503523263,2107.637457608079,755.5184317501277,47481624.87,15989.755443199865,5439.252144973585,2864.192195040103,2051.8978890970757,1762.1329414705192,3181.345440449619,1991.1742184193213,2805.2949429076775,1447.480522703011,3250.826876482019,1926.5521585661422,1417.2964818078397,2172.938139174853,1538.50643049914,2102.224066981471,1078.9582506263844,55564842.92,20024.16122946106,10335.899411117127,4497.687494762343,3339.282974883207,3220.231910399217,3316.8461588993855,3243.8288457708945,3236.329233210887,2076.195870943737,2778.1395208297563,1979.0255199772116,1334.4068547423997,2806.81958850195,1523.5723570504656,2116.56401280241,1467.2479190747824,35724638.04000001,30494.45846630194,11604.663088406034,8500.382125691354,7324.178823368774,4509.853936521066,19471.663362658528,14623.328579010858,6701.726175889712,4490.429111011996,5319.351176905691,2426.2966607283724,9774.806311516817,11229.853839882619,5803.780504504974,1970.9117265261746,2778.154225211892,64546973.239999995,3327.468090823944,3246.078630071886,737.3470571079456,1615.0017390882476,939.1522471112476,1510.3871654511331,178.7197409340463,468.65101112969006,943.6489805074136,972.2676037661643,263.7652049895363,499.3942741179487,471.5201229961856,119.66695163510448,824.6879477506969,225.87585447204808,55039596.510000005,4787.013904320416,4075.5548908494993,2757.3072045116405,1257.9859291843802,1773.492083211959,1466.312011420883,157.30015421877346,1382.4908826503051,276.89639949122244,584.9808001811814,1216.0824069923065,100.90021132893217,671.68006254466,877.63552183863,226.42147634742284,652.4089332272531,71893783.78999999,2794.101225950674,1105.8501976363139,1054.5371968718562,1864.8275827043499,764.1016052803499,1150.2749131869139,601.2059181787005,410.34747494820516,416.69334898761485,161.34164485818098,228.81322721857183,691.1219086744652,26.80354049401051,288.9739561698506,402.5842885870467,411.2951919581094,0
32,72162880.8,2925.4798492383875,2844.7255390476817,879.4424458197425,644.3114817787783,422.6575169317084,778.9048390570972,640.4845873877867,1292.9907760578124,682.546432316979,970.320774323277,974.5814911071527,905.7143424494195,388.3433684289552,437.1620510109367,440.1689065833072,459.7456781190667,68178742.64,3114.556262661385,4025.8293720856486,1581.7293012815608,1345.9565558497925,867.5745219821728,1133.3893270893018,764.3925712468205,1540.2712780274169,477.9038260064888,983.060635282606,775.0987850267121,522.2055245201666,693.8350155159719,612.0928748912643,26.217204736999395,831.0577479416786,75672865.27,1883.6804008625545,1836.6625870609084,1690.1779171144601,1121.2925336881865,446.6339341356096,956.2780247021844,289.9712666218475,755.7598280476033,990.372447813307,1048.4480635862433,512.3935155813218,411.0028682266211,626.6336439254254,348.6606388190073,151.70945172515175,635.2673594807728,77719881.4,2859.86265347153,2993.6667589533513,1997.3641320031516,1081.0777052439773,731.8251233666695,1024.7054760049518,491.1456085324472,1444.3767514028561,752.3741286178604,508.2817263091491,894.8436639514249,442.14309103502694,234.27574433545763,265.42991083548264,322.1349429062245,612.411395890601,61832648.980000004,1666.9259679739043,1279.7655864045635,1686.3497445570845,646.9326318700118,812.3002377976268,646.1089401371441,596.8311492037287,1111.3012531291172,647.259439809292,456.2568153353841,516.9993613946796,140.83221500937572,248.13095054302042,208.8035955185119,509.9732602170863,214.31687510388073,59485671.9,2057.1400233307186,2262.0561852506744,2012.4801708209986,1410.0253627905272,394.3663673822421,1016.5114079717836,715.9049982377953,935.9165490678087,661.172171478018,669.1562219275617,703.8256809682354,138.74626257513307,249.6201969199752,543.7974351038415,134.27902405722827,401.79558892322166,55774109.36,2323.4447656691564,1483.790110060206,1391.2982418756656,640.3697475905682,422.04386843045046,815.3634253455633,438.53913480784814,967.1166242290926,852.5084913723281,619.0614983113244,447.91903316184926,249.29258048377125,633.143293678428,94.5393187316398,401.25788982062187,320.7882481037827,66086382.03,7363.170310948787,9012.942317871111,3249.9340490646946,4945.279931943582,5112.723514289326,3966.5830455450227,3685.8096896349957,3688.884999426282,2671.3341319935003,1260.687845143899,830.6714578863075,1491.2297432958824,631.211010899774,879.5991856593755,446.3561576794084,923.3385824568168,46985708.239999995,53784.50891184401,17592.0887919982,7907.516041833334,3597.3991671651324,4286.244834160908,8043.994417252827,4774.269988326698,4588.043945724665,2090.882199297792,1091.5360191786674,2272.919696670666,3091.148173444319,2007.07200468919,1709.351750510149,1307.9431535184578,996.36085424219,47446509.83,28723.56288470846,7949.171949116095,4965.949044563037,937.9085302452379,2010.301597960729,6435.781888269954,3281.2624463539137,3282.8393557480117,1635.4719782907423,990.6830409860006,1903.5530015227466,2108.6884405943974,1343.3324430224673,1211.9802350402476,1016.2864424338728,709.5503252893654,55595648.91,35202.79722211561,12898.612907176685,3285.728399230314,4095.7630531006243,1900.8662016924222,5726.837757389776,2852.515265573526,2677.532350206145,1892.7433614873764,813.7222581731389,790.968923621368,2082.353546133692,1084.0787784984675,1239.3795162574647,855.5688358871129,727.5617306676243,35495435.28,190249.75304304675,100863.64742113937,33809.21973237553,25134.505837034798,29683.600529125215,18465.666612406356,16371.03220817534,17000.77877560732,16290.132241051624,12033.93502185793,9706.624669788716,13412.740003258388,11334.216900702455,9411.535052156913,8133.614574651544,8348.624560516926,64561293.70999999,9990.159545036066,4162.725174654418,1546.2843366712227,1417.3585992928847,340.70969540053045,322.95760225233124,338.3344908447708,868.0240152615514,573.4537042834387,695.4220749651145,420.82890669495976,183.45929094399898,585.7445717011999,371.55664011485436,631.4631663821386,302.37863703933584,55089197.8,4714.167215428093,1784.2115561462233,2725.9934744603047,2710.2946475562826,752.3142766741779,811.2306780951686,855.8117754261268,803.9887759514722,968.9850171911195,1375.9074727754237,1270.2101569923173,393.51684222754204,584.5252444501145,540.5428674834584,430.924598412446,189.64350038921506,71904537.19,3757.8686101113744,883.0315040030259,1932.0541622411572,538.5987097083788,1003.5373922490074,417.6588324600673,639.0561847002515,895.7449063398246,623.7795647012681,408.41266035372877,130.15559292077594,502.7127700614279,265.08502667710314,59.313840095216925,507.23380358925453,196.20180137581684,1
33,72154597.41,4791.777365671506,2876.5148378137173,2159.256840403614,1605.8554365699943,914.8594900337249,2748.851896951157,1765.7483824838284,737.8474788289913,1025.6376526765112,1565.2146219576541,549.7332487441523,522.4253285653604,952.034604394759,697.42360021381,507.9234309878703,455.3474263666421,68160680.73,7596.73856793174,4221.666799127686,3131.924540876908,1459.5341713356308,662.423369864625,2569.401045788458,2452.7353659735827,1546.8106011885661,1143.9368210241844,1873.2262657520994,655.950911537367,979.0196405133005,812.3053062890758,1575.9372506829575,449.5588235270751,762.0316755095661,75675693.74000001,930.4979626787218,679.51879229764,2504.520437044192,480.55450275827656,347.0729714703752,1439.7303560321861,1755.4249189222244,536.5561327098653,1103.9317663350687,1450.6796568289433,475.4893717047275,265.85015818393316,1414.375801268013,921.3929133224241,724.4530937738922,587.3537105372914,77711835.33,6732.583673642893,2668.784653774263,2218.0796159921174,976.7257234567338,1000.8500491723967,2405.7999779218853,1166.0891316105954,436.6267150481249,678.139044801504,967.9380386270375,297.73932502514924,460.4919874953641,728.3827916911459,840.0793206454745,489.1568509272475,105.3155978064389,61825689.22,5264.383818245253,1773.5509972092104,1389.8161639283387,517.4610922913274,1007.8724640851316,1670.0893179077245,932.8561132231034,454.93331569918524,503.7239263991154,1016.8216078368743,195.8778179759591,308.7805915138082,561.874444029292,273.5960971917676,437.10277379308974,325.6279833077639,59484271.89,4558.292472906716,1890.8334618068955,2051.8145568486375,602.3242615503896,1052.9359209147206,1976.2188735205045,1079.6814459115012,513.5922675595219,460.5708952888858,617.4039933954093,180.95367435622268,350.60757378260104,462.4668133356462,598.8740011951359,504.0733264109436,73.17494808759578,55786872.12,535.9363351827926,1101.137871413734,2843.6834445548407,196.5081539123067,223.9072891159883,1391.8072211991587,1396.1353212643578,562.8964393498208,1096.4215330058557,882.660763665888,130.660189559185,412.65426990426903,869.2372075369173,579.8155202308176,778.1384689774802,178.88591595733155,66045874.12,9709.07494150001,3781.6404103830296,2047.7024959269406,2004.27396400004,1756.3161210282974,3349.297010441742,1422.8403893473776,761.6636375012574,869.2522833501242,1900.9816029462208,311.93968114268546,866.2396180595197,746.0469949146188,1284.4215289403223,734.7240096358468,724.5532116544556,46936600.019999996,29727.74813033593,447.5178130801351,10651.728504931581,3358.378841230335,3772.2182991539366,2147.173948292615,4013.79603876843,1405.38475016635,3900.0640014318515,1263.2420036351973,3531.514310874279,1435.0463603676528,4263.637437450731,1287.3302226833216,2552.750884365477,1159.3205570693658,47370858.349999994,34576.99645208995,11051.346090586503,3078.0298278412974,4907.507021551349,1547.7839957335536,6155.759912948088,3951.720041555515,3879.1852187457653,2312.708185246577,2674.2242507991987,1757.951952568266,1652.5921827490395,1758.2150516671772,1012.1245508958726,1290.2913894399198,308.7430972791516,55542661.019999996,17751.834831156728,2920.1058473287367,5973.766869324591,2216.149914077158,1599.2803440639523,1949.032012388114,3300.826226280789,858.6803035940155,1766.62423726364,1044.389715555879,1466.692670322826,347.03588317798335,2069.676601021324,597.0164719623288,1130.3934218469183,512.6860139671567,34818104.4,154035.17566484003,40107.78677052815,4898.900124589498,6352.714304561655,4219.382104098669,8348.925393439027,3920.2453586798692,3686.7575631042578,1275.783403009095,3212.3454546641096,1223.6251001695878,3521.369055790399,2135.725941641699,2264.424174660612,723.5297110641708,1369.6389325409727,64564106.42,3063.7086427609306,1974.642615279017,1741.911825034773,684.8304831407339,394.69022263934556,759.982973075195,939.4885023832259,526.2983833875027,935.7742685779353,573.6400815613376,336.5894848002893,210.6794327554567,804.8568764153608,262.09647418546024,434.98670571042265,353.8118405390332,55094829.53999999,9818.749361334649,1612.4303448287624,2857.8425417629296,385.69340741610586,720.7695101867637,1436.3141189338905,820.4713365576721,815.855379451451,875.8187129835542,253.2082907729074,682.8464593388193,369.77828830542217,299.71074740958227,658.5934674763722,557.5609435519494,229.6308248872589,71901799.44,4306.8652263388185,3976.6231167842657,2103.1425133348735,1265.8872396476004,1558.2295522915674,1730.587833148602,915.5874039696142,317.5972506791163,464.5343778697597,1182.9216350134816,901.6026106107503,541.9173020672291,709.4439257682111,537.9106368727881,154.30566699782875,181.98724926206842,0
34,72138091.10000001,1101.0474663552159,876.1183617808673,1079.2605698760756,959.7665612278206,1619.7017010730308,630.3519861002123,924.5904365713347,1495.115056326845,645.8821972957165,966.8834696009777,562.0508167019242,152.11888924136673,367.27374400223556,462.26389049121394,528.6397996297471,379.1101181395584,68137180.84,270.8550462764589,1337.5216238303308,1585.624756178861,1869.0932468249953,2106.2144774640133,1224.698752125554,512.8366936974237,1553.4015433767108,880.5574501805899,830.532066158354,817.9797438239102,469.0492195426349,1056.767413562383,198.69952292473351,464.96320417610474,527.7674673618045,75676237.24,3453.26394850799,1566.611430070809,674.2927560898532,805.8039218588174,650.6647437303283,760.5325384471666,187.1753457051622,950.9673217979765,112.19574460452364,780.3733064055457,536.2438835121186,537.4070003478863,855.9190922863128,159.845560459461,936.8901096340089,531.2001384734168,77700099.52000001,2134.970362047705,1464.3775939519123,613.1042133683565,884.2241221621866,1085.4655143442103,955.3283525964647,388.34564927097006,1581.30299329769,581.9448470749815,616.4749143388811,290.23066000049783,196.56497814671212,331.4328202254899,560.2146352846855,147.72838673636502,527.5822552641023,61816341.230000004,2943.205140818303,1318.4071189472688,861.5617358476052,126.15382480386018,338.074465795246,496.72808506442266,534.8916282144319,747.8766604628233,133.9127924102045,754.8906221138891,168.59915567797387,153.29476184366123,418.3896035365081,456.09204444633747,505.6220335327903,160.19676328432757,59473733.01,1554.3304268834038,716.4881080143626,963.6763807178031,1324.6320350893843,773.2359509643954,991.7618426251547,643.295835820384,1125.851106934375,746.7802640461903,512.078535182114,193.39800073663716,242.88601503825996,470.7680900790746,291.65762726519864,242.08022725523577,390.48957931398735,55805581.69,6348.817480831459,3016.6772331872835,479.62031556651004,94.5649614639156,469.54216743601955,1368.8941959638676,494.4988283535545,1147.9117014225776,366.69490298260325,712.7155055249655,629.5477603504196,457.4049268646155,609.5859847074402,261.2118689379503,764.4432760315875,417.40177689600387,66014988.11,2696.0034246788155,2524.732947567952,1847.3001738243063,2003.4644517856684,2004.433751139454,336.1814839985444,1384.7701210453517,1423.2960675546717,1629.7585092187196,595.6274588471125,695.452470435223,326.6944733637472,670.045413991062,843.6252077619937,245.09215381290213,482.8391667183304,47028109.150000006,23272.18045416473,14249.189851877647,9191.181300135808,5938.234570326133,5064.617501460708,4953.894295228209,2750.3440567160474,3655.477357383312,2194.552189103657,1558.891945670338,1856.5776553229762,1881.0399465987246,1914.2287737350107,1245.4047235796954,1143.855877875256,1080.3811211775642,47389512.17,20748.962213940533,11947.90695432006,8918.035364953326,6356.790211481471,5054.656916617183,5016.170776955776,2905.3878379573684,3424.7073792110327,2304.158022591227,1798.9398091015912,2131.3570300055226,1510.465392344451,1618.7731803428435,1152.1067652206066,1055.2345188812242,1242.9093723673122,55625810.45,16118.84654978642,7071.069528268357,3289.737425375771,2090.645049341655,2447.771453114413,4252.918642214361,1003.9019141959686,1685.8050087281172,542.1583844671522,1162.4914251367327,306.9902734923077,584.0674684841678,1724.4284312509635,404.24328581765144,715.6107910401191,80.4811491579794,35144596.84,75194.70691866204,31870.99093000734,16226.218653311873,7172.978956562292,5551.513766129084,5699.238492696477,3688.3621305746083,3102.6507934622896,1844.0518972349275,2660.8236940585743,1520.9439884264166,1192.7302823184862,2442.4351324607724,2058.9703386543406,1860.7013839239034,1936.23986110241,64561751.33,1903.4027188914683,1329.9699018584852,1680.4445522343494,400.9657229637455,525.2937905489105,425.4786435184982,483.5665083746548,650.0035297782343,124.13706914827712,643.642407803566,166.666691412906,200.42043810955911,370.8171790579852,239.7058014500843,462.56266027768015,144.3283964372443,55133911.29,9278.960872390038,4674.304540405961,2186.362233451699,1055.888503957829,1630.9094290506791,2086.736414370296,1197.9662930358231,1162.4754058579401,282.83821405963795,735.2116499572495,782.6410363901333,768.5715129105486,327.4785005955782,670.616420889187,373.32625713455366,747.9698879935605,71877323.45,2111.8548276054444,1490.4030525629232,2394.0174020840163,928.5691726696324,1289.0693920646195,226.85515992878246,131.84860699011867,1054.1924254611606,384.54104680199976,412.1017683902992,256.2229936095784,386.60382923674564,364.9034259971854,405.0966482633224,621.4129061742971,294.48336112354036,1
35,72115321.17,5419.003668011399,2264.7902368662653,1671.493217845746,2231.4059870320725,2071.7618044720366,2023.1299116490502,1044.0967062705283,174.15904742951113,809.9406411941554,1251.492888848558,1037.8476026527267,682.6268369952612,1034.9700619590599,906.1101139573802,264.4933224354401,710.4081594421839,68113439.74000001,3863.5442709751846,1833.4346916053903,1240.224413251166,1520.2138003163664,1683.3098291801261,1891.774861074669,1329.7894750584344,654.3335847386808,1413.5078330511749,1085.9542383562891,892.6117971399242,967.5202388253405,1497.715629754588,755.3188921789722,491.752008419194,799.8603869393712,75676792.85,2181.411104655664,1142.4877134942062,123.12657138072713,722.9698724544064,1434.720929603784,594.4233276984031,878.8903620956327,697.5402208374771,818.7449352291167,1034.3660541676854,362.24247267334204,785.4710394189278,897.1723024743006,695.1238695266946,527.3558374336184,1003.8593203108225,77688582.21,3447.4500653117807,823.8291893010927,1296.8348513275762,565.6973416657415,1476.6796789619284,1512.2077454859755,928.8818182393634,314.299533314405,902.4753956722082,1306.6909132939766,800.440739644535,365.91070448205727,785.7607150841469,777.6898042102455,160.55194076008857,451.52546610426293,61813955.78,1742.2056584410084,612.8089191637597,881.2492035665883,834.3165574377749,1235.4448411566746,327.4878592087923,891.2968677580009,589.6549358747637,536.2446673717733,928.9827576681014,489.56277791338596,92.31381323433463,227.67028309347535,595.1821031746384,141.33802370986598,507.4759524887028,59465402.5,1629.548750245341,703.163333964875,462.4625021891429,207.05579369696687,1247.9575015470305,1778.9692876974455,174.01765766638852,553.6530259553999,343.5794418733938,620.6364287204392,442.194413945055,441.3072836471115,700.1630414460303,638.1404151296592,136.11344283050192,270.09468861534396,55813696.28,1823.8273508100895,1549.3428257695684,1376.8182671835723,533.082155013282,1357.8262930731696,976.8583570931577,588.2962107948084,661.2891389890347,463.6687977186334,885.0305205718851,340.7020583010276,364.4066214736925,1076.195183374137,544.1482884242889,244.72776374895844,501.2841752889097,65970489.00000001,8489.182334136518,1731.4001598405762,2532.467085858599,2285.245131195042,2916.6909590761065,3173.0451377847585,659.4371108363645,848.910644909406,1212.1124796378863,1139.4792377758092,1277.9824677434435,1315.5854849927484,1724.056604383705,837.3483933030618,944.4189739910888,1171.1390241276642,46980250.089999996,44671.66938961822,17218.887036125107,9096.197224059355,4994.975618697358,4487.085024931608,3455.436931805914,2441.838267251005,3319.427169717788,2651.2956100478036,1570.5436595641527,1278.7735624338363,1799.954187430436,1111.8093967273599,1807.1314209263232,1619.2707782288496,1644.9837054704344,47304728.04,26485.619617644486,7833.93917748339,5127.3188588358125,2715.810995136,1804.1942667670326,2522.944848557223,1053.3648759943412,2159.9432841894486,724.571857228553,780.2353239993953,1069.8875128027007,818.8416293005432,1065.309316907349,1318.021300248816,1277.9941632108867,831.5132089432511,55627665.95,24851.915920286894,11827.92220329542,6158.088397798255,3646.7595921195352,2791.8293167887127,1191.6452048796132,2790.241226195967,2966.5939956869674,1892.1139197216771,1105.2986942049208,1304.647168673002,1335.744809198991,1310.476485409174,1527.9199289892479,1481.840711867687,785.2527573587296,34873911.04,120735.24022810553,44661.63873301117,16231.070224656058,11848.903293959169,6867.632457093296,1618.748211177553,4889.679642698062,1958.998484571084,1620.1962635802208,2780.798284360456,2709.03614312742,3176.2835853033384,5442.811608605435,1839.7877500385302,1454.1174922789294,917.375795841415,64561407.03,1031.239694856533,729.1870682418928,244.87714049520272,288.4486717752894,506.36788971286234,458.223046966866,813.1115554917894,355.3693449076057,565.7445050910268,979.4018257814346,339.3200122249264,98.36200698754584,368.4065518599551,555.7569146372277,58.4101476633084,382.5026022383811,55166972.72,7662.655126074433,3439.1671004823675,2360.6640212660936,1873.835831744182,367.21183115153815,407.44322609110924,735.3267324513862,950.9022955229245,488.8282960316228,85.34909228309357,354.0541560184933,578.6335809186411,645.6745446236138,664.1632481264138,564.3533657596766,326.78069127809044,71862971.38000001,4664.622725299349,1761.4335231725372,1774.376433162234,842.2359777100162,2160.790003673183,669.8020825874764,1429.1318716362362,289.01046744624153,742.5011415844436,1343.805512754311,530.537565464659,410.9462563610583,756.4213963521496,631.5505998794769,205.51798943102278,661.0169964403899,0
36,72096907.63999999,927.7152860180455,890.631715246948,1005.5960505251959,371.74418546447936,381.9557559537,593.4552150050811,371.4247448906359,794.0653382001483,291.46759482141863,842.8432908891357,426.2929847595629,885.7256303775007,254.58607036402572,491.24866501634614,330.2632106461766,612.8011443999981,68089912.96000001,2284.022228868546,958.3295847778104,1519.2162563426787,940.479043113235,1018.5659783853657,1072.0649117046466,960.6894808017403,949.4140998623078,153.29029451982493,930.2041567850882,596.1495836322116,347.3814630360589,414.4291020119191,724.1167144964146,514.6921520816686,394.09313754143386,75691066.72999999,4427.554812114831,1952.7440454536134,904.2156353304182,999.402492685647,864.2326340712887,1087.0154434985598,619.590414221739,488.74778156312783,412.36108283869333,162.60754177259278,1036.7016141521167,643.7861209111666,947.3042865514324,477.2453488539221,434.39742305848495,413.7932096914979,77677368.06,277.06330446010077,852.9366044884837,782.358011891392,207.79645614795984,298.88077601362784,439.6084260217404,576.1328557044569,512.4828680731028,251.45454658175592,388.4567965486644,524.3937753659529,508.4934343691515,455.8634819976557,183.65502460547205,203.06760288443297,393.3230290431723,61812322.28,616.1123470027279,728.1229435561366,637.9970039384662,424.9656309820349,644.9733460355264,560.9689716379085,400.10066756176906,773.1574125697532,166.2461269797894,138.72030174588718,447.5949693662337,493.617118759281,257.22377832182906,170.91238141127522,253.02157320068034,408.56737379424135,59464116.58,588.8739330673369,1694.37392034721,412.80212474569305,272.8988781455688,117.6839890792971,417.26940431686074,331.41958823098145,156.4841109674621,272.4524174949023,326.462535107827,488.6544591773188,712.013781382751,594.2317861839841,142.63054844509907,140.2279039708007,463.2597680858725,55829025.93,3429.20107643788,1772.7502651376158,344.5352089430139,953.7447680812684,1346.7074615247382,1163.6080683025143,385.4827012042752,234.3624843473145,189.6500002153553,381.54368167690586,982.8014046784097,313.5318061257639,781.5987910456555,451.80108154808465,169.57385542837008,684.151704635765,65942801.22,2829.711528749143,1125.07170893408,1591.5046417345136,705.0024438099014,750.3362261718364,841.9417538801663,695.7444655491188,600.4039363306227,504.8750994072517,286.2204856691023,593.0929107873214,834.4733880349446,613.6654728730333,639.3605562644747,519.0594779874403,634.1029805646082,47047553.82,9204.44734938314,4192.222866537425,7389.308353737571,1210.283363036882,1743.248743012009,1021.5543503101485,1423.9659967615228,2404.6443855540024,1183.8756786992053,1935.1509500436623,1027.4856486454569,1461.4330782579766,1176.777900230355,179.63576715914903,898.9812838615649,291.7125090258266,47333134.06,12265.849548582582,4617.646648156339,6462.1320009852425,1970.6924730876638,2372.6021930839897,1754.709594982588,1209.169628089111,3066.4994648419824,591.9257128547482,3087.7860905626703,1992.4191445410702,949.6296387358112,1470.4916094847342,919.7507340265814,1429.2567263064022,840.4322090897809,55705389.739999995,6323.8969012015705,2164.2824345584745,814.2466612624669,1169.5452629191163,643.8036927965776,3299.7876655653513,574.4219522665799,606.8790683869262,1103.1420698084619,718.0024591217859,379.3849324707373,721.4870954683531,536.1440536711273,457.58120159456774,369.66429729676713,698.5729130433149,35291677.18000001,39708.39886535323,20533.644867682528,11440.336333433977,10235.39189448576,5589.0898503934495,828.9440666001263,4732.487801055874,4809.7883430469055,4707.261540666861,4076.8477284242413,4757.7211531131925,4561.556936687807,3417.0628312416006,3210.423890869983,2454.23569295017,2672.0767409725217,64565088.849999994,2464.8586368888787,479.169795107386,776.572878581284,240.93629720481613,326.0276306295225,902.2215280561488,557.2340940552958,648.9692153570257,441.16555813047444,42.579201693894454,337.88060149289515,468.73203258497034,113.86881096186167,160.36136858822647,178.6496516006485,300.16004061194263,55208532.71,5799.722541375992,3846.8000030920275,1954.0351077626706,2044.8935506333216,1221.0632633820833,815.1166598162404,904.0563710166942,688.2129751790068,849.3665728609819,775.6360884921731,897.2574989497973,777.065472089485,870.19267936437,534.1484070443618,505.0573318392105,655.8900689128773,71849183.81,862.7021816083878,594.3133034885627,1539.705672170774,795.6950053161501,651.1396365616812,1079.7667351987977,584.1645692898188,720.0235178025046,399.6546164999306,319.83307365568834,603.8765800615174,94.57159340459948,478.40684949863265,544.4959047811798,204.8986351551081,420.5740806872088,2
37,72095922.85,3534.3048182032835,1250.1749119441617,644.9169926812941,1545.6883041211686,1056.5093531597406,901.9275396115193,773.1598335319778,551.1787943503691,570.3939103690902,941.6536490443011,1085.7213785738145,721.6394946786576,705.1633152279134,455.5626250615051,831.4939370663235,368.0945437233446,68075743.36,4990.142762267876,2048.5385048138,947.5820517713773,2226.7673447433735,840.6360446878539,952.0008761017338,966.728758262811,289.43097931547914,456.26396388937707,756.8459200289558,982.5436231482577,696.1882622325054,932.6395313836846,212.34896474855262,637.3834720980516,722.0265854362743,75708493.13,540.2647994248989,2219.0255797913505,1410.6284929298422,585.1080853045954,964.5571169078315,496.7430829052858,419.6356592005403,616.8603202011283,163.7017881943858,1067.0830716581013,1331.4762307208139,914.5656998955972,833.2219609587972,590.99863899078,785.6031378250218,338.69201700464265,77674240.13,4030.9680927636487,1530.330882753094,682.9314449646508,1412.4130653627878,1186.4934412416656,1171.9683709820813,1356.7104575550713,512.0367289481231,495.2057110004125,402.3599402547401,728.3727952489462,251.87069437675268,594.0362327768709,314.8314865093022,437.2466948714264,533.2531981841203,61809852.9,3511.6644123093906,767.714774395273,1361.259675290946,148.72805334316237,774.30470242758,697.4760143915695,1112.5436809361922,510.30971716622315,574.3649690909073,446.45021135043356,768.4247650812534,427.67130242731344,404.97434418615944,41.524615407369204,238.07303216797163,228.69831606578282,59465224.14,2069.286097807679,539.3119418187121,1063.9720187910432,1007.0520658073305,1010.754680010164,456.4676255653825,1259.032752689015,434.0778774504652,533.8619729514672,213.932680639453,592.8990927008051,308.36678000012324,625.9481098200771,104.95361097615513,400.7356254931474,606.1777876963067,55857161.69,1736.4331173253647,2765.486113773469,1747.5631087713011,989.7848690570992,1488.346563345975,603.155192140663,431.7569509088271,550.5360040659901,329.3621689024636,1010.8982837914225,1073.9770143237697,369.3471793998048,710.2050405119918,521.1508100170437,861.8625220542701,109.50056555731837,65920450.61,8328.593074097684,2270.569804608799,906.4883668440559,1353.0485821621244,1179.110380463222,730.4144374385378,1348.5299298424586,439.5843390779916,833.8182766107012,1172.206848529608,1375.9087561807717,728.4024755620134,1253.6673383783836,560.3672944913376,714.8343008085757,951.1903044559219,46997296.260000005,16622.28466678325,6214.844592351451,2892.3861145990186,3075.609228279509,2640.4301107113856,3199.031050101111,1333.6441571902492,1293.9368505580987,1257.3336663457515,1875.6441906799416,1652.7261827096559,1641.3583583187897,1002.1420493257829,637.2209763287769,1076.3407474205826,494.5823047532624,47265014.24,17551.123187979825,5157.496520370922,3041.924293681489,3787.37628648384,3245.216283625605,3165.4047916581085,1977.9334740161974,1419.4882208290671,1491.2433736649039,1642.9698275555027,1354.7058732796488,1273.5735921570156,933.8188629844697,866.4591126515022,1028.4680325855081,129.99964566926786,55679799.87,24663.87502116711,6199.792088997835,2753.6395136497636,1696.7548890620412,1701.275689845173,2365.8824579994803,2295.076332403916,761.0085398379222,805.8945678708418,774.9897843002128,801.6895150980558,781.4304063557876,1546.2030947527974,191.92604863796032,533.9403243039187,525.9110723201827,35458824.91,10908.318262343493,16232.44407405434,9725.47995538935,1687.6435118325144,2523.681764729841,4146.338092389752,3076.1105584728757,2582.623192747444,2175.6840637189994,2167.3094088095177,2357.12289491627,2150.9446552148556,4450.670767850342,2797.027863750974,2915.6928283149327,957.8031649423252,64562482.769999996,2971.962005140609,389.2502199463902,1076.809206860047,611.7802703955855,808.9854783597115,1287.1305587685624,701.3924904985851,611.5932463004858,419.19780699676784,709.2487982748548,711.5106890507723,157.81475623889273,222.11528064516386,184.175664332832,159.82543709001888,119.36654217625758,55235737.12,3674.2648262385037,1575.3778389292918,1839.17886658298,285.15559276677544,445.0356222538791,503.5734102003,322.41254801892796,332.3989985135146,202.48065267736789,360.0756522952127,475.93408090261113,103.46550694893509,754.3531471018613,226.11431166304976,593.0371289741742,385.4012506495589,71830178.63999999,7800.127154107583,2260.3875065127245,1618.5739407327053,269.43822672099964,1196.8868965457978,1784.448222898708,862.1190640581697,451.95478906025096,907.5966262089319,269.1169542163296,1021.0593812790437,698.069148360224,307.39395007262243,302.4791351253687,222.15010848557156,578.0763597173866,0
38,72079967.96000001,4173.370966828553,433.10261235492476,1255.1981458705718,1231.7193312388652,873.04173200021,653.38394946398,332.6281254502416,323.76825308561024,658.1346518043385,1067.0617700057226,711.4164845145751,252.04313461926432,893.6910482724302,379.8085104311655,501.8747195995228,501.53243213449474,68048822.72,7827.9224375940175,2788.103045188196,1070.4348789892756,2348.8279306696136,480.61881331083003,1747.3308534617076,1082.1447538934378,598.7419740517071,1377.2952182158372,1370.7300764767342,289.7225271947875,993.4555427258224,1062.9879310158692,425.5455690190949,520.5134343421128,609.1702251933106,75710878.19,3918.4812261199177,588.0687519191721,889.4297548850234,1146.9696267286618,600.6847496482759,1012.6544849502508,869.296175052844,137.1767035210514,782.6550717292687,888.1416854823849,603.5455327750963,754.8252804581646,1496.687911288123,443.8340134813611,314.65992248873806,627.2218322640125,77658812.99000001,3898.7066928076256,714.0427904895591,249.25983355965286,1531.349624214856,979.2384294758726,492.17583525294935,118.97109357495084,120.63461724817411,1029.2520356548875,777.8657667800367,57.95731159324003,153.23872028300593,400.5407947318091,825.1244751980234,611.1091550283099,472.74146959248435,61803442.97,2879.1434729488037,806.738938886266,867.2310398043717,581.3313980915218,433.76993386053954,347.52022329156347,279.45823823236003,432.6755504564029,481.58688679852787,472.7288814605187,264.81276508085733,459.7336348436701,800.3999290149784,634.2617353094315,280.9025651468867,405.9857521257881,59457516.95,1705.2270572874195,499.30080781536157,537.4650184211025,1526.131586005197,1048.2277252582874,307.9328656142986,229.84969210320068,110.20815689593098,1069.3708975982986,673.842454326509,83.067037285373,234.71315729016112,269.1446969566693,800.2284146887649,389.6138362090557,450.33672724129474,55868634.57,926.1834723933204,2282.574242829356,343.4962551260201,899.3836369771162,833.0699978337435,597.541864896201,762.4659735541319,324.89973613186993,524.9778999812528,341.60086680055366,475.81447657162875,560.9354317893409,1064.6968547047827,821.221886775128,411.6507854298976,782.8896679538854,65886452.9,9075.502559495308,1640.11599146984,2493.8561059124613,1934.3136603487144,1852.7667892952286,823.2586081071499,973.4266143501545,898.4483254794845,2167.56657951712,1173.8980515553276,297.11224466093,808.4026240615177,1172.076061093176,154.16077488694188,626.4947853551183,342.74254885339343,46909116.4,78214.04227852661,7788.693804794919,8733.669673365835,6864.14390750511,3497.135763189276,4574.154878344104,3951.407857617915,1185.7062503553152,2639.4281706568195,2633.0891578153264,2183.999873232719,2605.271556961908,740.993589694834,1904.598089841915,1160.7291872360627,1256.3776682486853,47148704.97,97365.29241856305,13349.86508870621,8431.185456615154,3922.1697460739365,1227.849870443555,4835.822579417838,3138.5766603101406,960.8759686529694,3399.5442717700034,3029.7644562676373,1727.3167395097948,1689.0719629538803,1537.1265602364915,2207.627085466966,701.2492735702418,929.2481680667015,55574461.93000001,87299.68347225983,9037.886551209966,9630.95247717185,10614.526513532508,7522.497676150319,5880.626402424292,5097.030477060869,3684.349271382803,3017.158269288807,4622.354036937434,2624.893803359234,2614.0779749278886,2228.8309935436787,2200.8591018500565,1708.7372344292216,1835.956617294389,34674038.33,638201.6374656806,134570.9526556342,92783.39839701746,85072.43768605126,53276.89889732046,38132.5793379966,40913.022788103364,35405.76525717491,24905.7182956281,36849.189156009175,17326.671356758336,25351.7411313802,23143.429291051096,15115.318785694115,22357.118715418812,16662.923383780515,64548224.830000006,8310.797591652867,1164.351531425847,1027.3986110303301,995.9871126591636,604.0399422177953,1390.5979008747831,671.9753679069505,535.9669671504216,269.6153360674182,583.2739856070838,419.92017676789783,373.530204695902,571.3547723278953,256.0614636020939,168.17995317384566,237.80321350689977,55196377.94,33763.414411695085,10968.655968115416,2669.8072645489656,5151.64234547899,5565.261148931939,2341.2469709347283,1757.1805856575872,3369.8382425990535,3220.6855243323203,1876.1865231653605,2045.852629804612,1908.973600869726,1029.3085781862267,1497.1029709388215,1624.8066544002297,873.9732473450617,71810383.82,2858.313707815394,418.995707369655,2296.202913664905,1392.4086762115296,876.1577925317094,957.8730367066739,446.319962446281,751.6607581703964,843.0658378331307,605.414654473442,149.49982645312267,300.06584646157256,473.0032683866562,679.5153941757292,252.3108889445918,438.08744491862626,1
39,72068084.39,2337.5508296260477,2714.1952618107093,2287.4343427576673,1072.2905453727997,549.0613631257853,467.75210717829276,717.9449474075548,1222.7720280280605,745.4382250486577,1129.2390110568779,315.06172445946436,605.8036857610498,756.8244879315472,1042.6310373310832,1181.8137519201127,287.6896266398528,68025884.28,2188.531445872625,2823.4263171804682,2352.5153091231005,1439.6335074274132,332.9533063754118,1131.9481157242294,854.1279624708169,1158.340518741629,842.4608029000199,1180.2462754605467,131.67900054415855,1530.1279592258459,783.2836593994497,776.0018104635324,1176.2139329325246,389.747253731424,75706877.17,2062.7421722187955,1834.6282369243593,1138.6885422711184,1481.0145057159318,323.8110202180941,1140.0422495798023,430.61048188574,990.7620497594423,659.8577023713223,689.1714144298284,293.88098146505155,902.8165637207787,412.7212168584479,639.0304506575243,1413.582814088783,510.22293439880843,77646837.96000001,2580.3825486139153,2553.7236927750005,1688.5806664498768,730.8376341430376,483.6699530421074,186.82235298363773,658.0361511769019,1046.0197321231242,325.09166286471907,828.7132298268865,403.82015546731293,569.4271518338572,795.4698762272994,742.2325394165356,775.9621187327733,326.8118902417525,61798281.339999996,1988.5388068644736,1891.2803897182932,938.156735249557,374.669559753754,489.28705632595086,237.2513574483099,441.8092509005517,937.7639811705471,633.7418316868874,355.75283603337016,276.0850719969864,148.2809118645156,641.0909396996468,664.2359352476959,699.4792043431805,450.1353603239728,59451672.53,1020.426288541369,1716.4526197555135,1140.9749961102355,377.33545859666833,494.73600390297344,150.36905019430827,701.2798808475175,874.1306481268308,220.9172230702277,474.9827765548169,448.57240049244666,654.4066536178634,707.641250487261,498.23449632548574,872.6523021981573,334.1152062993814,55879762.64,2143.734944838167,388.8599971032248,1374.7766100406668,842.816979850498,1232.030919090758,1189.7795771696071,53.905778854442964,972.1502473790339,843.5000346803685,467.0041590690698,231.2990414859476,669.6065429443462,727.1729240733893,638.8604332267229,1249.6288692408095,764.0752494898182,65853993.239999995,3331.073064500755,4381.187418000474,3344.713700972209,1948.0525039909028,645.1129298823028,562.4509468965751,899.1390988364059,1283.2235598770624,1083.8060512384545,1153.346472782814,303.7677579690858,677.5844680406758,1118.010344473564,994.9853596438836,1572.8264323988224,304.4658685728301,47019911.580000006,55788.48261708791,28212.72471219769,11681.101017812309,4570.094046879529,1463.4698133660263,5314.242325954204,745.3368736595792,3619.062910435415,1219.1968256962357,2370.45553258855,1200.1293952920246,3087.092022053615,381.2160446973115,2237.7950224135798,295.51873624005066,1210.8503369170553,47296794.05,60144.14786059981,28399.555849323417,12647.381923462517,3566.0370775395904,2289.2801197212725,5404.474198555626,1770.6291224745396,4595.478559101927,1635.2299972677483,2603.8006590073574,904.2625954379029,2272.4745559453672,382.5033459401821,2639.00620266709,236.6835813032116,1649.1790152354388,55606222.370000005,38175.25787331929,13146.013560850259,4514.550336273612,1277.7621104881596,2940.978747139656,2799.9514919641033,214.708683794675,928.2157517391745,2020.7413975748375,517.9356077737203,1640.0292468039115,1967.687497224568,892.2913655829395,739.5714878493279,1241.5017122964698,717.2858853728457,34496619.32,231805.7147503013,85449.8246323924,45644.322051561525,19164.029538863622,4032.9635861433503,6681.951959685485,452.081225487727,1864.346173837253,2893.114416329375,2048.6098457972676,3236.917630582603,2879.1263726222237,2261.129021218436,2091.8589539471577,1452.636304237174,1328.9325809553584,64543075.5,3581.791753831968,3522.645117619307,373.2835635244506,313.53891443889853,826.3168083376307,983.8443496674431,458.3172175827799,747.5502066686693,514.923209021986,368.79723284981355,186.68843936904503,881.7233589691245,326.93547263891986,522.1874779845281,329.5766390403623,260.3925500588824,55156633.14,8258.408403185827,3165.469540867548,1860.6697160884232,632.0303661469618,871.4687738521756,712.6621395395887,706.1960646329317,729.3622223182905,274.739288451282,440.81561423810854,529.2114185794057,669.2661974631671,547.253102981524,378.48509743910483,735.2277723780479,399.60713269283553,71786973.26,5445.574391098773,3673.788140859555,1993.4548654898058,1686.9709055167564,175.83752788355304,1362.7999862169777,962.5007451265276,990.1593551451796,128.78311655965064,765.9426442227542,301.4203339877694,745.4046860140656,873.2290450733436,855.2200476534168,646.3470653934651,661.6751998459625,0
40,72044215.29,5260.39232236354,4902.891250807937,3102.2859895325155,2102.608168106802,1384.291463335801,748.5356714199594,541.8984598341436,1206.6232266332001,788.1040896669873,1310.5588176015337,370.71069020106574,1651.3874878295026,390.18267190531134,889.8551153485461,630.4899882775912,730.4713151347313,68004593.5,5072.146898105466,5116.701874130322,3213.1363558713297,2313.39383650169,2142.289021000856,1271.9897416200122,198.20105021899403,984.342419761978,794.9921458523523,1102.261187765657,214.15406806046593,1333.0303950808127,1102.7174746942635,969.1068659805861,886.2135287514442,681.9621111910959,75693611.41,4253.50752088354,4120.343676360005,2619.744152088856,1329.5698528901125,1079.0004863926792,1367.3221614633967,416.3643819988577,1053.0703043676542,638.2179105756437,1341.2251861935263,194.0768345024758,825.2927776340764,1343.8405112985986,1012.5511320744349,968.4929995502448,788.8010643631288,77629339.16,5043.206643687107,5028.508585154503,2572.076394872958,1737.9422092200393,1773.6172465408072,1350.886195891501,1106.7388525538563,1284.6989387110937,539.4350345733758,458.7292397587646,357.4047047340054,1314.3679154917804,419.44385764952284,820.0244228790393,163.28824049388405,504.04447327089423,61785067.59,3934.195053716638,4125.445958102473,1101.7545016721672,1237.2821717509194,1302.1785200338425,676.8682849494407,958.6434580817963,1339.8428136830728,950.2171890854681,481.00133622856674,402.7491259978649,964.550567144586,562.8093863064552,767.4477999491436,381.0575824967069,337.4008279875272,59438506.36,5088.350939428597,5134.918600065512,2252.4933779815283,1613.5877094914952,1095.520279533921,934.8847376320396,902.7204336425378,1265.0054186779137,648.3368629353982,540.5305972332623,438.7509020098874,1130.3663408637774,394.160457556483,599.6001058832544,105.79261082221987,530.6931573278391,55885369.78,2139.677360668553,3301.6552635973685,1635.4592178766065,1275.1818038115616,1658.037659436106,918.3612503165149,629.466119103429,853.2716682561193,466.5837698214584,899.6915243876567,188.86000265464617,1025.3476555476725,1069.4986451423176,1202.845054059962,847.3253706100658,347.11692643073576,65848040.81,16472.482001435885,5208.968884604609,3468.5972410014747,2053.938305958776,4267.761350177445,2103.6731118216485,1860.8241799881782,1944.6383938622466,1587.4930234628125,282.05243552004873,1535.0280816355616,1698.8528282939556,386.57108401484084,1852.6924132590934,2057.2688635825252,564.2346069815146,46957094.69,42630.05895627589,15983.549521349225,12791.706535008514,12029.2706802976,11784.355751946541,5741.912230562921,6264.687611630226,4797.551495962897,4093.371218049754,4288.151548541869,3468.560919434114,1798.2400391806063,2877.7375206373026,3320.0963004768887,3828.4876038082284,3416.7825049049907,47307317.91,67819.11002079793,22838.625525752752,19150.579681326453,17904.07524610592,17223.032421391716,9483.571371947275,9878.670142447183,6384.161948461462,6132.608837869127,5869.73342196456,4971.743106673812,3033.594681562186,4165.575193383159,4524.739785883146,5059.041883213196,4792.012439285041,55588561.21,28972.36641651277,8808.280052342112,7703.400994813858,6992.449803576919,6351.908096644446,2962.612115664612,5048.179960076322,3065.768622530547,2047.855025441758,2280.8002166376027,2275.118401074383,938.3344400350522,3412.966757341081,2561.7910827793057,2395.8150559474575,1585.584974973698,34255746.269999996,263542.769122601,91398.71337336244,56812.404526923565,45875.10342700215,38002.97879831209,34772.923413298595,21178.58873335573,21212.393142820998,18586.77904465678,16831.15738540551,14827.491903907752,13604.352433687962,12630.509583022336,12094.638369788834,11233.195893714968,9872.741737627932,64519820.769999996,3809.505957943482,3492.804205207404,1184.2051127596192,702.4581638295549,536.3318246556256,1195.225773220036,349.025311919166,463.8593260942148,469.3171612722156,230.23174626747743,94.8229167922156,630.0998337201407,344.62416516388737,618.584730218662,411.4860619687711,152.86632985694996,55141077.33,10545.247807588305,1930.3489963724803,1405.44470994696,2261.7568040018486,3377.678224989971,1908.1658989582077,1678.0144688483556,1216.0108661195254,597.5929653485497,92.64306160618473,537.694377029946,297.13829742816404,550.6527779593878,729.6741091467754,580.6315231238253,750.4076365904205,71749350.68,10974.654899471554,6642.445080471225,2990.1082447234107,1458.7166960918967,856.1330629275877,528.2833293583899,1306.0656496026422,1406.6830357824701,1479.5169988548575,781.10636524425,863.2299907244037,1422.6257521545588,227.98062195922546,920.2681784919566,130.8230904071187,710.3323898154147,1
41,72033097.6,2606.7445596630832,1714.5276844427683,2098.2910975016052,530.8739074463563,2146.6165675367247,3214.889949485717,901.3842857979871,1868.416053934847,2468.378938184819,1760.4957788831846,817.9871086442082,529.6705751586474,1886.7161580160866,762.0862504311535,432.1949546581394,734.3085347468536,67987124.82999998,2159.884150172944,2080.2565408066475,2347.449049682879,349.6252500050001,2531.8655228487296,2320.316420488529,1219.3904517076203,1272.2464661339557,2674.129818383797,1914.3064976334301,365.3226249674112,574.6702107957469,1129.875068472619,525.9766769605072,832.0338420025303,450.20905240821304,75694278.18,3412.6034204061198,923.1475731166186,1150.699696891497,667.6017115560512,2430.1462505447166,1459.350970637256,645.7634906649365,1658.82045782559,2185.1667457600533,1304.663109035953,710.0088731103496,151.84871258638069,1237.9186702557374,735.9518691997565,331.7769155507808,175.7005559409462,77622394.47,1830.909914378395,1229.9862025750842,2107.897881607085,1183.5961954512359,2141.634956009971,2421.0352828645173,373.1717089007175,1082.495793990474,1687.5177712319546,1490.0999520577302,669.8787282954478,590.7646444520738,1215.9681514268946,516.1280639901269,475.2893190377659,710.6376508642716,61780782.35,1247.5014903164592,925.6492091742531,1630.6792015021106,898.4549414503439,1709.4195498164027,1634.8710508638221,564.8117865811972,1067.127672440526,1985.0772018869116,827.2066776287023,592.3945054361313,232.23869752606018,1197.7555300659385,607.8565666306193,146.91029683600033,661.1942276443621,59433266.42,982.2926782941896,952.2210669653775,1577.6583810728594,1402.7202847255523,1832.5324703627655,2139.1040059783495,771.502473630867,955.2138820323579,1276.1762987885172,1030.395075669475,779.2119103429376,303.48551428561996,891.4559568437674,432.6095729220711,382.6600185620277,585.4227401616386,55898930.42999999,3859.068776090947,776.620105301854,1923.4491336379647,1938.2997717194899,2261.565210473981,1351.3280953379558,667.7480890844632,1761.3567987197116,1529.2572326650989,1299.6647070208212,655.8583283415408,390.62514435763586,876.9094831774374,368.2490038972991,319.09654467248043,593.1976346478255,65825447.19,6744.386102094841,4673.426176305557,4449.278925819663,1991.787853225291,4190.419795156317,5343.14155761549,2150.4820223489046,2183.397895343955,4076.493567509612,2306.6407600253287,1196.0236507715601,1639.8940321810794,2614.753348099721,719.0521196387423,1209.6234089169511,698.7740288657495,47100761.0,17253.8493643514,8558.604437662309,3183.7662248799925,1310.597320795542,3300.261814333231,2879.1846933098404,4177.603907905466,3347.0234575061436,3293.0863052174523,4502.929425996585,2672.663468560919,575.9967042091818,3146.0367015663714,2903.509133172369,895.6980871157688,1947.341590853633,47469952.08,13653.09017638481,5250.760182940603,1914.5766341059393,905.7089557696269,3725.677108010742,3161.221602714916,4364.815677307592,3281.5535515246,4063.8049014663707,4126.126758719815,3128.222632212993,1187.078092085456,2991.8956165552704,2924.8376120525886,928.5598845190783,1801.181620344661,55693382.29,11550.787839771816,5068.155939939316,1916.735438266301,2289.195888057821,2399.7924373182495,1104.170627160024,1878.6051794953635,2777.4682363443285,1612.9133603765802,2346.9582860115934,1644.1406900943816,393.32849060486774,1475.3804598237598,1440.0138106422344,558.447243282798,1180.496396617308,35323700.14,128165.81699621041,63943.23301569064,39286.406049511235,30755.88666401858,24518.342680161946,15598.562621793208,19524.610393656425,18039.964325034853,13062.862160531098,12594.307700492134,12036.73512151637,10206.557306948884,7166.572572286735,10050.931705060517,8558.283113681844,8548.237901461653,64531725.839999996,2184.5476393607914,877.6768882710579,139.4888672474108,815.1750555857922,956.7530481546869,736.2812933318294,614.2730790252117,1126.1921656059533,1204.045140026663,927.1418656993001,637.5255139853929,42.1785969703523,908.1448798437708,838.8859536350571,361.6048835638449,606.5043106029303,55180417.35999999,6253.5274714451025,1933.0910149346075,1458.817699186224,2225.742731693485,1567.270032531281,1047.327539187372,965.0276565045547,1045.2212392623285,858.8674302912412,862.505346900821,1058.9893253012829,521.2271119326028,496.58028054219267,735.3887920705381,307.29518303085604,807.9400862283678,71723125.73,1967.0285909013387,2024.4914473156139,2402.3476783572996,1079.7002881140008,1412.106421048096,1903.4713723631119,75.92043580903055,1140.691726624428,1814.3935529970138,1063.1324733916392,263.1554644874809,392.10236618928724,970.9695745545033,412.9293268661825,601.4555898256443,611.9736224598558,0
42,72030007.24000001,1412.4074225194215,203.94384713960784,2265.690360809719,665.1240546714255,751.3695275999281,1029.647891015089,681.5154926283916,701.6685635708886,240.55283584272954,517.1589301521154,1261.772032204141,933.9530553287899,714.0847355797298,904.8594932705084,556.414405928769,575.6860501793822,67974787.72,1662.5362561258648,912.1925995843279,2324.316955115855,399.0588218695853,885.2249669711733,1785.7252824806646,562.1294240843499,609.8088725351943,192.30686976526343,418.8545953941254,1172.7028457714296,1131.8808300576602,890.3295755270432,738.1960560542238,181.7314425323129,423.27053026811024,75698645.91,3171.65583704542,968.1920733107016,1424.6411044849613,1305.7935406986012,102.24971973955431,1090.743558026389,427.3170367058085,69.89516688167605,480.71415309296,406.87198086643,1053.6476201019934,1122.0213440754292,465.6969582516735,603.0162043012693,630.6716204004597,245.68752102743662,77624041.12,1949.0363252459638,598.0839538254404,1803.4208620271133,647.1301303912453,751.1678973284914,1074.7103022621886,641.5893756829248,384.87068665396333,454.0169533354863,333.0899028961134,767.2770136882726,765.7303905927257,476.48200037203287,784.5299219669838,494.3852103837649,328.3170557354732,61783194.370000005,1140.6935146515855,380.5057973822869,1416.9215851962306,381.21554304477394,823.3825848672361,530.6824278271923,486.2057185772499,511.6393177899397,341.1767977787759,106.40228529701406,876.430856140745,841.1052593033204,102.78550967178901,592.598505351236,507.2429206318432,433.93354200170023,59437700.58,2263.389322763462,1009.0451977263227,1098.0244081453352,689.8958422402405,518.963496653002,737.1767511187127,783.865408296817,515.9855932804749,434.740255846806,306.3839442186656,537.3816204533215,872.6259246868609,263.42933528782163,751.3599446831345,329.1553074170142,291.1643287678863,55920954.65,4434.923561897374,1622.0049105681678,1237.3884079249005,1548.2347974441036,532.3036211489037,403.7504530393786,868.2806946397682,88.80204194942979,461.20927538941504,31.496760932074405,648.8664436421899,1223.3841900014622,346.5019912633324,739.2011253444997,764.6777991767714,264.89002159194933,65816840.28,6187.584867548653,2988.313887694927,4098.640100189331,2976.1983460854376,3017.592842067436,2768.766833628568,2452.3428526665534,1319.54132183813,2415.9766963442853,1135.1062174688834,3040.4542371923353,2041.2551654947792,1978.0341609828643,1409.5029070759167,698.9546429069998,772.9379099773868,47056847.44,51066.681550401205,24507.357210762093,15811.867713410718,7800.154513072188,6922.5461023023345,6383.316371755727,4873.879342418088,6190.7085033802205,3430.4579972906668,3660.374404954458,5139.717304423667,1609.7893751110119,4457.103171840204,3176.021261791421,1941.0535449844315,3451.1190202985426,47448628.79,48930.87473902142,28175.95874439429,17276.259357528797,7910.64618813168,8277.796765072844,7630.778234724657,5366.065772554944,5936.435141497949,3708.06466478605,3530.8526027920616,5177.961685653871,1729.9331693215386,3862.4421540036124,2924.0266525770367,1923.5948869941492,3525.7311768341183,55670656.43,46880.98395620811,30774.79240103493,18832.509813493794,7551.533422691796,7007.645020056185,8185.197170921523,6469.016760941355,5311.680231340342,3136.129267418734,3856.7792409548592,4906.846209101974,1479.0075135371371,3709.2291291858974,2485.529822135286,1830.3933563643855,3004.888565642495,35793491.739999995,88839.52455114058,54411.62465400179,35730.927630400474,20662.63711881453,13583.19425308536,11132.074332372524,8682.95763833174,9098.394891313286,7843.655321989407,6412.026580624123,6905.935411830548,3917.8408649252174,5844.611216731473,4845.749628461843,4482.2776658397715,4396.709838593423,64535106.29000001,5923.794868780289,3387.2196874729193,3037.350306443611,686.242979390244,1192.7628770157412,1096.7874270540572,771.2198481709228,726.3638533409965,240.6063553179953,285.5508241952731,966.1603056679539,569.8032523197658,543.5177729328615,153.25008757231734,402.36247517751633,481.5413177802637,55216680.6,8274.891438265275,1391.8794606641748,1005.4528428854799,961.9687421504792,1336.1201210132826,517.1084419460146,306.82542981056946,582.3021577654953,602.4560422991127,62.45538695927747,206.7717532836299,912.6974338928045,349.9572959819656,824.7106964237302,512.3152648197605,107.22871320221489,71706662.28,937.8010152185401,2722.477394597512,3011.196146344166,660.4511327682927,1310.2502405033863,1539.2231165642372,1219.5385402651218,869.6375694921661,608.8652685518148,346.69506281366836,1167.546821611751,177.41876575780535,378.19492489832953,534.9986566848391,255.77486305188853,800.8508035024912,2
43,72019551.47,3721.470717925526,1416.6173472191924,3869.293565710225,2320.3695607033437,1359.2802319944108,1363.9100704762493,1121.1337667280168,199.01278018878116,617.3161458320774,894.1246531524298,1030.3979805794008,343.30261618049207,1370.3438739356225,554.9548704688574,120.44354579565915,194.46762635944975,67956501.93,4841.3018184314205,1647.3915978774419,4282.044733188868,2559.7598347441995,1948.7923954174946,1302.3552296438108,958.5164877758956,404.9769969485959,780.7101837469003,679.2451113944375,1429.0488322115277,394.37937610555036,746.1176009311366,1038.3721112333044,144.04447349821984,145.97525928901274,75707964.72,1275.5434718900033,813.3272981209755,2766.0389083666923,1883.7461730290654,1005.4824858851581,777.7996230114832,105.45697373797952,445.10735293078113,1122.2828909498057,879.5806247415707,591.8352256241013,469.05099203014487,355.6177748174645,1029.5781414640721,291.0351043408032,83.09179112415727,77614897.27,4083.999483417297,1374.6932120987015,3268.0005481761323,2283.4790011685204,1176.4745268534018,843.8165855949586,1357.999085187994,225.49769604429454,644.9771018497024,380.30794147859706,1313.5081808636398,203.08244200967692,859.7880177355416,484.1335582903146,153.85190019306248,73.04799673325296,61778479.92,3823.3386757966605,1061.0727710773035,2163.6231683427904,1619.936401333869,606.1155815932823,876.5079101347859,754.1091590625938,137.6786533466728,213.9752642945905,386.5904803832396,685.0383174239448,299.3036901627859,847.2851355052684,343.5825783550446,309.50575487578084,209.1689486318674,59437318.2,1959.7719427286888,492.3708431890482,1849.1367722039981,1516.22077309592,881.9327614670826,1243.6363514253326,1196.8665841644283,370.7918078635016,293.44208892626705,310.99819831559466,922.8747288783827,141.96097597118361,762.6629411774265,282.960927694946,131.07752846053432,99.53732153692509,55936880.56999999,733.3428645454949,935.3526501952307,971.8922806053391,1113.7219200704053,620.7050863387668,731.8226982083208,160.451305311571,646.6014324194352,808.7131246558811,957.9180270257762,720.6181153782337,548.1533596566697,382.75038323119423,669.4543113485032,343.27585585789893,373.7933439312562,65791504.669999994,7172.628731941484,3702.305972350972,3363.163804723309,2032.222758139293,1918.4393751884004,3237.313981958815,967.1323581972783,1721.6222041700883,1654.3947742097298,755.9223696651388,834.9189913398084,944.0506928334579,1480.7987672488675,595.7159258018304,1430.0272602420496,1076.8253240777678,47009769.51,58590.96611850092,19838.028148662735,8343.68755962207,5440.177192862541,6361.690173876666,2118.168737561985,9338.342478080833,5971.674746023522,6077.673005093055,6794.693982303913,3181.2794326806006,3711.6349282229717,3469.831381817927,2741.037783362449,3068.5769943951996,3659.5663917660095,47439416.739999995,55584.572620637555,26233.364248764152,9554.28266042136,9036.192153425,8098.822362072452,5964.754563524092,9434.449535285134,6962.071419811217,5859.238321785113,7542.757417663483,4135.109164397844,4377.554245447555,4292.000865441023,2304.9023791779705,3929.5606774261705,3473.728667091759,55589999.61,42504.34833153089,19048.876128202493,7633.893261564371,6904.465942961393,5926.985487342571,3425.651291591701,5947.250479009831,5091.2721948586095,4476.117003193309,5127.1491816292655,2700.0462161897985,2450.60748428693,3518.0200936511633,2256.2938841476393,2664.12494200994,2641.8627792618377,35345094.17,165699.9060184762,62529.67856726586,27677.75189025647,27139.151082716588,22133.8523217193,18887.282059701603,9357.557623325323,11798.927358091893,12266.540823312991,11875.843378759153,8154.103726445952,7896.704205856488,7552.138845461782,7897.616925509778,7208.330189016666,6005.131254319476,64526087.04,580.7509500568964,918.3938283132534,1793.9982966433429,1140.8412163670193,516.1960790504643,497.95759229002704,786.38367856291,424.1423707051298,593.8428435949081,1062.5528653550764,364.9446218525859,80.99104648866464,310.049248485992,435.98381976532727,636.7844607872498,258.56994949342425,55232136.28,4701.620862830989,2804.665506761005,1010.067646029852,1177.5574575530748,727.5448493628047,975.6339362655706,834.5189920224107,673.2267737366292,497.6650329612864,1118.4934663782533,527.8949804590258,599.6779236586644,790.4467619367816,165.70232228796996,900.8808821685235,496.4499953563755,71690719.18,3046.5206297150908,1471.889546103025,1779.040328924893,1652.551763839038,822.3020703574632,539.0594040368878,1100.5713291704226,436.5233633030221,250.1189502225228,126.65695411802047,638.7009782807326,266.2913164238252,549.5890276109286,437.62921206213,445.74490359812677,221.3703324368669,0
44,72000523.14000002,5345.317005060798,1849.0809749131536,1321.1539280759362,1525.8035439378332,1677.626882078474,2004.5079095824442,1042.5584690551593,666.0938067087046,1094.4469958639272,477.9898856422614,515.5727951014969,1052.527652623355,1157.7250349063352,806.4583340627121,170.72742864358398,345.44038111610143,67928778.45000002,6077.895970171248,3122.266019564638,1083.2385272482975,1581.9252015930576,1950.7899622973182,1783.3028287426546,402.5434429885355,349.20807833025185,911.2724055602786,479.19986661628644,1051.4873257152444,1085.79111876206,596.1835668952041,808.3299231044227,319.86546130422056,558.9647310690508,75693924.1,7688.84679973534,1705.5588529104216,1649.9998210085894,693.5507137316263,1270.344593069339,742.501819579662,569.7028728232783,555.8320279424291,1369.42733227682,471.3137157902713,414.737875480529,795.1971159183697,410.6413652475597,716.6159943662852,156.88934560002244,338.2807127143673,77589540.44,6124.436515022905,1458.6340329618472,1075.443646340782,1506.5445304039622,1717.2101467206555,2038.3357075160668,777.1100444872366,326.8695936463567,368.9607184224273,183.42994321579224,895.1235334115718,907.3929785337685,610.9912600308177,392.9427301792756,565.7885623115402,408.27793742232313,61763449.96000001,4625.558576494839,1829.2795494845532,1439.4473833439868,1096.4044456383554,391.5522133632231,720.7793071431146,424.31290705752264,381.486292657627,743.3787202205626,579.3090584687683,364.8010663985173,1051.4343031128608,736.9962135040212,586.4694805254879,194.49283196176538,142.077308941265,59424956.20999999,3785.439189573589,534.6379011052459,1419.3645876249943,854.8291798347125,1624.3275179733241,1933.506451387393,460.9540120898592,100.62940907578331,183.34710463737204,104.89544373720365,603.7236921131797,899.1452686859052,601.5849589595578,311.44220956483656,412.1163470070418,266.65485407596697,55940437.93,1985.5879349561305,959.6512692040538,1883.8270607072693,734.6163961459818,1054.5823252650941,778.6625173832385,492.0809264121672,467.8698269013481,875.6915331986846,584.230519270359,495.56398911660114,923.0488231163062,339.21150497079685,722.5956410676934,208.72632957567018,124.55442121743476,65829840.16,4583.055652636284,965.4852572062047,1290.222113024294,565.4567534139769,2072.669489785065,2047.0689688836626,694.9140834570014,446.85949454947456,971.5686604306167,219.79908698030474,568.1362567154999,985.694149293162,549.0677877729605,492.00663393302506,86.01066102871198,603.1516083780452,47116578.06999999,3394.509121520287,1060.0674412763406,2283.6758342911244,2247.3132738600016,2534.397366546104,2345.0582719373037,1674.6766578542604,1652.0364191364756,1229.8946850124898,1110.1274370941312,1336.2331367272932,1344.7560456706212,1317.3575446388847,1322.6956227337748,969.1419816568224,782.3528013537932,47561972.17,3815.7223373741094,3720.2749559789904,3867.584263746259,3177.398192125579,3059.102488335819,2226.5796821083322,2507.4062852938855,1889.0571633144111,1879.818707214795,1704.939602335473,1411.1243563301196,1163.3827625922672,1147.684895050815,1559.469192400912,864.1236395019371,755.4326166185677,55699492.55,1045.8162301239472,1716.942694928471,2507.2949918259696,1516.712378279606,1977.6088137193287,1242.8526562466325,1014.4624297746271,1097.1194828838752,873.8112941346948,797.0734097592245,1049.2351843515517,1275.9970281210071,1080.659028482136,1146.6923833319076,531.3436908068371,359.7924651358885,36102009.56,89689.26631169571,47522.489689519905,33247.858524690295,24196.690336101605,18530.322117480693,11237.342528219016,17524.379970388192,14013.260626334666,11471.5120174934,10383.380610946655,9856.44698716921,8229.843526130431,5814.710681110384,7351.884985566403,6528.82760426152,5546.068379559279,64522221.61,4243.006776064123,1365.7619247760767,790.6001615316575,830.8778567793426,308.07417084490646,594.2263654958133,587.7122450438693,426.9095436486805,630.0279216381807,342.78290186134814,268.3719509173934,781.8077887780219,332.03116445029997,454.7687175488485,213.04584251034794,120.72405378696854,55265100.71,4382.167317959299,3425.924970402963,3351.338610577468,1779.22106733526,1965.0313979179055,615.3983104510924,1244.3708091616204,1054.4116664323108,971.6285839211084,428.6025524633329,567.1303274368942,1065.6357333037968,107.5919990553882,224.75815894945765,561.4104839795255,266.4691391024828,71663586.11,7308.535513875491,3328.435710285232,1571.3037397338605,1368.7025274402824,1065.5597040842206,1534.1863952752044,311.52450173304106,379.6664877485341,1073.1096447435407,523.8267879908127,549.5098214326246,1084.3987643095065,697.4887867153534,628.8213638920149,538.3035503428621,408.1770983712127,2
45,71979253.28999999,2711.2167112981233,1156.7908552355616,2196.7000199477197,1255.4650359568432,1401.949932608451,1440.0704695097418,1547.647704367803,1311.3164678193116,884.102902779389,288.39907777982694,748.9455738248719,449.12617625538877,1183.2967677025945,415.9656549237128,189.3135213137426,671.37075790909,67900696.15,2523.8273065022067,1325.3340668890698,2073.433270799321,664.3797959079617,1226.5222407366198,337.3287114420828,1052.5305940733756,1431.8808276887917,586.1360351495929,628.3221308074278,786.8942437783973,230.09895688297547,548.4325258647638,332.6744578020279,301.6809650465662,810.5578586113975,75683145.61,1644.7280159623554,1037.8171826557032,2155.7594762701638,479.6981126079171,730.482905686309,609.0592036182236,222.60990740226845,1295.0684382844067,1084.9498051712967,351.56134221204536,997.0435211218519,435.81456145904366,631.1433985944622,71.68123300507041,49.46753834759502,666.0308120993332,77558531.81,3336.845545693708,1940.65346563907,1979.8435009219559,1518.5777362351973,1101.4757743492726,982.3099768939701,1388.168389260504,1056.063549284437,470.84981475976394,177.84999535772084,944.1819028540004,253.62223885213072,488.81460348944614,549.0967820799173,691.61804241384,646.0594940987875,61748789.21,910.1315615668864,1245.5184401574022,1325.7884113413966,1104.2724589805941,483.2947036195404,674.8565325585904,1356.2726155195314,650.9796719106565,941.9279490759318,526.9787685505489,628.353850966112,332.25427277055053,759.5879524641674,496.527970692497,317.5802087293876,233.11750559007376,59411188.33,896.3510170625012,1215.9571496433105,910.0357380926215,1095.922981233632,496.34526912328874,738.5801794324947,1597.0180348367487,738.6883821783126,444.73533119209964,96.71580070225039,833.7596262755661,178.46348228625212,380.1694551108513,410.50149847856716,652.2879712318049,510.8921356997849,55939693.94,1199.7249415672704,1314.6041099000804,1186.1790673914438,845.1283907365017,413.8445417782452,903.6561505877465,987.5379268227678,886.9358965680286,866.3233895225933,425.18471046956523,688.2093767510974,428.4711845792625,352.67728011912124,455.9716953417211,309.75805489657813,433.3847559924913,65805320.78,3991.383881337966,2864.816254454959,1795.9693418565637,1601.1065632583664,1059.0575264119448,946.8147488117131,2047.0581539047605,1498.34522061151,326.70163321375395,304.4513882145765,677.1956826236508,171.9260067556942,1134.0444099484573,340.67626336212146,626.893382561316,779.7270148848503,47044131.25,15815.31632648915,6014.679556883712,3611.167576969067,2832.6830477210665,1980.705637955122,1997.0005464240471,2390.954770368771,1453.8358635847362,1163.48061113672,1179.5519817128127,1232.7015893807043,1735.9906006346318,826.1621668817855,1893.5317778015765,765.6589273741897,907.9032727053421,47554514.76,6367.343296048533,2572.4078748459447,3226.251906221937,2218.9435875363597,1420.0036416649752,2559.260411349976,2777.22913971984,1060.7085820213326,2324.5264436682273,1184.339157665971,1684.975247341392,858.3831241133747,1079.5537940387321,772.3160172392015,579.9556958899932,473.19265087499997,55685357.9,6331.679219549826,2382.5478809488213,3030.6952135740657,791.9627898183815,1645.2239657409523,907.673151615236,2010.2031679484564,1084.379393863472,1300.699313702337,473.8313849690889,1074.2308954355603,211.44056721493982,479.449808710603,863.9817624097246,336.9767879259505,335.14299416900514,36552434.400000006,58764.65519453292,25920.063075015656,18963.584182073224,16260.296251812628,9536.338965951069,13542.332078382342,8863.297184210738,6956.378821429164,6832.804329252212,6265.516419839625,6219.454820383651,4703.805788326792,5587.320150196133,3949.8467618623004,4306.351868744887,3299.89201825161,64503104.34,2751.738185508733,913.7995146584124,1105.6890191784694,517.945969119683,964.3024762711269,694.7490279554214,547.5991579590138,795.7685219916438,877.8075252922121,405.69627476975205,534.3009450555759,383.6716669836008,332.7183522728955,577.7256726378258,121.77768196394925,187.6179905906531,55317100.71,6287.758022154657,5764.836353652708,4093.231460377227,3161.5580165703313,1526.982840490089,1439.5525297013246,557.9030383272078,1226.216611812458,1127.4645464073164,639.5794464511343,1173.531438770269,701.3806811605367,649.9914372471397,516.0317527185954,393.6190926360503,141.4553907025495,71634409.41,3149.788479851364,2463.4006768529375,1489.7251451160062,2195.339472942056,861.209644575216,1394.0289809193553,1236.7207037061296,981.7021462534619,363.9398606617582,592.9119330377639,430.6412716555419,330.65128879643333,467.58123055718784,644.2118331819029,686.6998661915366,293.0602304272501,0
46,71974327.42,3213.4501624926384,2167.065885142891,904.5938837893074,649.5095167512151,1252.5242827152672,93.19538078164526,829.5276847632083,916.6557170855914,437.53865334708473,210.86121358737952,232.1884829960984,275.5506701478689,450.47322166319503,556.4600991666842,225.32313864966426,119.8369683784807,67883225.56,2973.781656677432,810.5541187337758,820.0531387267068,1367.510884274698,893.1496197901071,1203.0783908640901,700.0030912037097,359.7384752471584,354.01695983156975,381.5147921623876,779.9710894197527,838.0798333686406,1055.669116020929,1136.2938966396434,765.7565546977845,446.1485552611646,75692424.35,4394.723060171509,2897.308685198156,1829.000773621436,827.1060780962869,2164.5996012155965,1581.8363363255305,140.14403594616203,912.0100264873632,743.8925128694464,413.83113140523733,129.37633629847048,218.79348109063986,817.315781282544,681.2867302525578,495.71866461605055,272.4392510710429,77546082.05,179.29254702715025,535.8519500388916,585.8285675823022,803.9811214005972,1212.022711756211,243.36195792338904,438.8614530149532,476.37561513429773,318.1062753515659,150.61700389261733,397.9361034165762,465.8683288809337,341.35698449401946,665.4573002200619,55.933480182449266,155.3839733541785,61744031.86,1549.542926858254,1291.8588777255136,823.3154949497888,756.3253555002968,1036.5229474160585,95.79373815338714,122.81626874290052,842.7007268867659,470.0471346645216,193.435581906564,417.2539840248893,220.0531636608703,492.1573662644617,294.62392208708644,74.63095982603924,295.594808957174,59409359.57,737.4962833709258,1056.2824284618507,565.1825776895078,712.4752612941045,1275.3705113779126,278.9988214015478,281.24337551360986,616.9051372814757,141.90955586463164,190.56323577924374,368.5105094086929,458.4899265964025,398.78596449195146,633.9953824826927,90.13468865969806,134.0552271773592,55955171.83,3534.6987872180534,2376.9248196780222,1452.2690669232522,1064.4911122131373,1870.7924724441377,968.4280013372892,387.9590060741148,848.6008848072106,543.9298739033999,286.81577893151524,383.63034347414316,71.54283360065364,403.0668416334438,409.9670645110968,120.99348092867527,115.00173036867345,65737254.870000005,12442.247588379903,9464.794669272482,4985.104326031839,2981.6873845100863,861.7720787865164,2794.349106235833,3019.547890557367,2445.9640995929026,1007.3657395764094,864.3604735314561,894.418273135417,2326.5151282024553,1722.3392301680772,1943.0687128500786,983.8639699658197,977.0929144397331,47052501.089999996,8566.606806571579,2569.9166496256626,3418.8211903136034,1262.5740865655591,849.0129837808396,1962.675780154149,1966.1235482118766,896.1938192637657,1166.0412289092421,768.0674262523327,594.0306269744927,240.25024536042048,620.8514063374304,292.92005813687,363.87484962360713,284.04964188950004,47613702.59,12847.32983313387,6988.511782032026,5566.266802801222,3148.2890199999483,3608.8357713477767,1593.270347283461,3047.7295920313913,2181.7620577153434,2502.496717296998,1734.653390245886,1384.4809641293602,1242.4008472217183,1038.0251928727241,740.8066615722645,1115.1317727649423,1000.0316163790733,55709865.58,5623.268905255584,3557.1339757854744,2496.920887643076,1501.734183261366,2052.3246424571307,1572.6909876129544,1273.564493356931,1470.1918784073312,1157.1035314199205,607.0629870627811,571.3863958026385,383.003154922696,587.0390068314392,254.20304564488856,488.46357289404705,442.7256369395286,36952954.67,60807.63974488954,31089.657252656587,21569.067430914656,15310.577152661093,13374.407232640053,11748.293856035505,9374.536730104492,8682.972563059244,7031.768237733045,6105.603245487862,4672.555910779174,4305.62307219182,5156.774292934133,3724.3841238198356,3747.38657074664,3343.8272725476118,64505911.89,2176.939398732341,1543.5558856194302,832.1962061644906,331.6139588905331,1089.1078446019606,680.6743941583234,324.12962782017735,592.1726212350396,448.5944415966565,183.6258015909494,364.78017367319023,85.006664204047,417.17670813083976,157.7354726473365,160.01068750390166,228.16434445538138,55341784.010000005,4472.083522135087,3491.609334242073,2147.214483423309,908.5898210482892,1582.0255058574999,614.8000424631894,1441.446569156105,1106.477545114909,811.53339351764,426.83139123810514,361.9883517972443,275.21497809024066,681.6108650715853,234.4687171533679,414.35724959441717,303.65358989766617,71615488.1,1237.4270975178492,931.3558407550677,839.2194752493743,1491.0778770511877,990.0208927789414,158.28857723650458,693.1984227160319,731.6506831872447,395.7725469501971,469.26061656165746,430.88354853181124,247.77778267016166,132.86292350484692,634.4105948064936,354.7634113745621,20.799583826283023,1
47,71980943.71000001,2115.2213135140605,937.7356478255671,1660.7996592973377,1608.9971375665782,1248.933524908185,250.41457491582997,1547.6121074330695,612.4968475303316,466.1431721999403,1218.1007851985635,578.4830847764581,1307.9615595659945,885.1344849562777,161.75430377435822,863.1970137595756,367.86136487831317,67868402.57,3788.7299320529955,1243.8401713457756,2772.648918212896,2287.4233270754917,476.62724322824687,1260.443880085507,1588.4723074245605,909.4613252357306,875.0262987894931,753.0933040652017,658.54520249263,1864.159388915015,754.9846845560199,147.76702904204103,888.8587130026726,581.3675364844154,75718805.58000001,3482.0588181791913,1699.508863185658,999.2331128299364,657.5646770650417,1353.0695246076261,1572.0671756470867,663.0778787782803,453.2116757080996,692.2144199360272,1327.6794188899569,476.4900689399779,1428.7652383697935,953.865228077028,773.1961945460105,600.1647154267903,407.03203603541465,77544387.73,1678.34596183148,396.484937793883,2116.87757092776,1527.2058900139025,455.0178034665553,490.99491383119926,606.2594473032229,627.466154635085,263.28225732172524,989.3157999666033,329.08422932877306,997.3100048720744,525.5113154044045,281.1147485306928,756.9082065714239,298.2250020660074,61755649.55,2141.128456560298,655.9395146117604,1425.7096657047286,257.53246743467747,968.3190769194065,35.409465225927875,648.7633599565924,460.50943112129676,89.95213427186916,916.1338099221717,502.48817954288825,1213.1635131335572,703.7372671360764,402.2032468897465,684.5736874408024,123.76038190666769,59409223.2,1105.84243366412,878.792453078602,1684.1209593911337,838.0382467061334,284.7497104546715,606.243895863138,529.7168651337544,655.8259481827989,386.763767100722,868.9118745878955,341.5867272539551,748.4107700819831,517.505311708724,202.16099989444666,687.6191668251917,384.42700145417786,55971490.63,3748.6199895241316,2234.9397699640717,1323.5965698706734,267.20848253223664,984.7749326447104,985.5138579770871,551.1135999285049,268.0149486790106,464.8459101816369,956.111755865066,348.51576943087963,1407.7987672036058,834.4901572531526,348.76758195220094,870.905107015794,251.24730352334132,65705423.480000004,1413.8874967045235,1225.4910117567272,3589.5874380003547,1594.7759800531228,776.1957887575242,1098.0172298040545,710.0982645806552,1336.6599224037807,598.7843499778859,506.15479539754983,408.1482314204855,1981.8118183992256,290.8543899260843,312.3974967403752,1086.530721484156,901.9933529752559,47024333.4,35503.19673485046,6517.868059455642,7518.571616825109,5358.591798856048,2520.1238844505688,1935.3140877279857,5308.5810942657345,3366.1670275949746,1273.5316530357459,2265.8735582538243,3268.3178011295754,3762.1824638330972,840.4853395015839,1321.231087171884,2218.8462624328786,1570.5025502614449,47685575.38,3408.9640572332237,6292.531808284244,1669.728081072393,2575.3872364705235,4678.648362262154,5175.342545534574,2538.623127813561,2129.300171440858,2996.6257410938833,2818.2333873487173,1383.3977988882518,1634.1290457395914,2461.70436662184,1483.8444382621128,661.1160346580896,841.2198275277105,55706991.36,19878.566710634965,5599.249976039875,2868.2532198948634,3090.0856853934924,1979.4219077164216,2089.032514126081,3203.5248414784587,1346.3642030618041,814.965402597961,894.0747102230936,1594.6074815905042,2985.4602704003664,978.4913808224735,203.79926867713758,1144.664033541911,554.5033350760624,37302499.38,42723.61313266655,27115.381922500288,15630.306950955763,10857.612607598232,11390.518696122484,4863.250773773305,6940.85721310887,6302.936657221865,6283.076617439225,6333.868019816563,4442.007355475749,3629.7115463211944,5214.737181672392,3990.6162473746867,2773.6369223839592,2630.4756270985804,64516728.1,1168.5065742024365,1518.2280394199965,993.2435947543768,405.74873915002996,1122.472689596164,843.6178240338307,858.2886914307023,484.0527796955954,354.6122181408463,964.1670487296926,587.2787171081955,870.245916079593,775.4979790753191,289.33238216059175,550.2482107356481,197.26560194237075,55366630.269999996,2829.1784307847606,2388.5958303121392,548.5729326107684,611.4204893432474,678.2406220066619,385.84635752366995,314.85506781987084,249.72052496546277,855.5727188478827,1083.4108691254032,456.03351206402766,510.37878333398294,777.6021116436086,249.16708765633732,177.28509006469778,185.201817115367,71612868.10999998,2381.3262414348287,108.46851724879073,2495.4015752722416,217.62719509709387,753.0882281433245,807.7207464287666,193.92433214210052,498.5743765756006,80.89696469440153,448.07223347898366,783.1556293901764,963.0684845295062,505.0788489773555,244.60098533709015,929.9481067061885,279.44335464561414,0
